  0.99992112319472959        1.2560000419616699E-002   0.0000000000000000     
  0.99968450522341668        2.5118019453835894E-002   0.0000000000000000     
  0.99929018341759135        3.7672076029934214E-002   0.0000000000000000     
  0.99873821998992207        5.0220189700487132E-002   0.0000000000000000     
  0.99802870202439342        6.2760380955894882E-002   0.0000000000000000     
  0.99716174146255798        7.5290671536760209E-002   0.0000000000000000     
  0.99613747508586370        8.7809084746068550E-002   0.0000000000000000     
  0.99495606449405949       0.10031364576112130        0.0000000000000000     
  0.99361769607968287       0.11280238194517299        0.0000000000000000     
  0.99212258099863315       0.12527332315872303        0.0000000000000000     
  0.99047095513683558       0.13772450207041281        0.0000000000000000     
  0.98866307907300133       0.15015395446747914        0.0000000000000000     
  0.98669923803748860       0.16255971956571497        0.0000000000000000     
  0.98457974186727271       0.17493984031888821        0.0000000000000000     
  0.98230492495703081       0.18729236372756999        0.0000000000000000     
  0.97987514620635052       0.19961534114732365        0.0000000000000000     
  0.97729078896306898       0.21190682859620533        0.0000000000000000     
  0.97455226096275338       0.22416488706152790        0.0000000000000000     
  0.97165999426433081       0.23638758280584002        0.0000000000000000     
  0.96861444518187845       0.24857298767207123        0.0000000000000000     
  0.96541609421258490       0.26071917938779560        0.0000000000000000     
  0.96206544596089361       0.27282424186856558        0.0000000000000000     
  0.95856302905884083       0.28488626552026791        0.0000000000000000     
  0.95490939608260084       0.29690334754045422        0.0000000000000000     
  0.95110512346525089       0.30887359221859861        0.0000000000000000     
  0.94715081140577040       0.32079511123523430        0.0000000000000000     
  0.94304708377428881       0.33266602395992301        0.0000000000000000     
  0.93879458801359628       0.34448445774800923        0.0000000000000000     
  0.93439399503693388       0.35624854823611252        0.0000000000000000     
  0.92984599912207877       0.36795643963631181        0.0000000000000000     
  0.92515131780174098       0.37960628502897470        0.0000000000000000     
  0.92031069175029057       0.39119624665418529        0.0000000000000000     
  0.91532488466683037       0.40272449620172535        0.0000000000000000     
  0.91019468315463581       0.41418921509956208        0.0000000000000000     
  0.90492089659697883       0.42558859480079769        0.0000000000000000     
  0.89950435702935649       0.43692083706903473        0.0000000000000000     
  0.89394591900814424       0.44818415426211272        0.0000000000000000     
  0.88824645947569414       0.45937676961417118        0.0000000000000000     
  0.88240687762190073       0.47049691751599387        0.0000000000000000     
  0.87642809474225480       0.48154284379359119        0.0000000000000000     
  0.87031105409240894       0.49251280598497527        0.0000000000000000     
  0.86405672073927675       0.50340507361508524        0.0000000000000000     
  0.85766608140868983       0.51421792846881886        0.0000000000000000     
  0.85114014432963703       0.52494966486212691        0.0000000000000000     
  0.84447993907510965       0.53559858991112852        0.0000000000000000     
  0.83768651639957870       0.54616302379920423        0.0000000000000000     
  0.83076094807312917       0.55664130004202472        0.0000000000000000     
  0.82370432671227800       0.56703176575047332        0.0000000000000000     
  0.81651776560750255       0.57733278189142112        0.0000000000000000     
  0.80920239854750686       0.58754272354631354        0.0000000000000000     
  0.80175937964025257       0.59765998016752642        0.0000000000000000     
  0.79418988313078487       0.60768295583245324        0.0000000000000000     
  0.78649510321587968       0.61761006949528130        0.0000000000000000     
  0.77867625385554395       0.62743975523641815        0.0000000000000000     
  0.77073456858139655       0.63717046250952913        0.0000000000000000     
  0.76267130030196217       0.64680065638614614        0.0000000000000000     
  0.75448772110490747       0.65632881779780994        0.0000000000000000     
  0.74618512205625132       0.66575344377570722        0.0000000000000000     
  0.73776481299658092       0.67507304768776466        0.0000000000000000     
  0.72922812233430667       0.68428615947316263        0.0000000000000000     
  0.72057639683598673       0.69339132587423202        0.0000000000000000     
  0.71181100141375619       0.70238711066569692        0.0000000000000000     
  0.70293331890989386       0.71127209488122689        0.0000000000000000     
  0.69394474987856025       0.72004487703726416        0.0000000000000000     
  0.68484671236474182       0.72870407335408904        0.0000000000000000     
  0.67564064168043680       0.73724831797408963        0.0000000000000000     
  0.66632799017811706       0.74567626317720115        0.0000000000000000     
  0.65691022702150192       0.75398657959348081        0.0000000000000000     
  0.64738883795368152       0.76217795641278485        0.0000000000000000     
  0.63776532506262418       0.77024910159151483        0.0000000000000000     
  0.62804120654410733       0.77819874205639950        0.0000000000000000     
  0.61821801646210706       0.78602562390528197        0.0000000000000000     
  0.60829730450668595       0.79372851260487887        0.0000000000000000     
  0.59828063574941670       0.80130619318548146        0.0000000000000000     
  0.58816959039638039       0.80875747043256696        0.0000000000000000     
  0.57796576353877793       0.81608116907529071        0.0000000000000000     
  0.56767076490119517       0.82327613397182953        0.0000000000000000     
  0.55728621858756056       0.83034123029154583        0.0000000000000000     
  0.54681376282483563       0.83727534369394574        0.0000000000000000     
  0.53625504970447946       0.84407738050440129        0.0000000000000000     
  0.52561174492172691       0.85074626788660968        0.0000000000000000     
  0.51488552751272276       0.85728095401176274        0.0000000000000000     
  0.50407808958955302       0.86368040822439929        0.0000000000000000     
  0.49319113607321491       0.86994362120491497        0.0000000000000000     
  0.48222638442456844       0.87606960512870347        0.0000000000000000     
  0.47118556437331116       0.88205739382190362        0.0000000000000000     
  0.46007041764501999       0.88790604291372976        0.0000000000000000     
  0.44888269768630212       0.89361462998535846        0.0000000000000000     
  0.43762416938809962       0.89918225471535096        0.0000000000000000     
  0.42629660880719017       0.90460803902158693        0.0000000000000000     
  0.41490180288592904       0.90989112719968701        0.0000000000000000     
  0.40344154917027603       0.91503068605790361        0.0000000000000000     
  0.39191765552615188       0.92002590504845738        0.0000000000000000     
  0.38033193985416930       0.92487599639529972        0.0000000000000000     
  0.36868622980278321       0.92958019521828039        0.0000000000000000     
  0.35698236247990611       0.93413775965370172        0.0000000000000000     
  0.34522218416303341       0.93854797097123932        0.0000000000000000     
  0.33340755000792521       0.94281013368721156        0.0000000000000000     
  0.32154032375588992       0.94692357567418040        0.0000000000000000     
  0.30962237743971655       0.95088764826686489        0.0000000000000000     
  0.29765559108830142       0.95470172636435258        0.0000000000000000     
  0.28564185243001683       0.95836520852859175        0.0000000000000000     
  0.27358305659486737       0.96187751707914815        0.0000000000000000     
  0.26148110581548201       0.96523809818421380        0.0000000000000000     
  0.24933790912698872       0.96844642194785124        0.0000000000000000     
  0.23715538206581865       0.97150198249346009        0.0000000000000000     
  0.22493544636748816       0.97440429804345408        0.0000000000000000     
  0.21268002966340577       0.97715291099513446        0.0000000000000000     
  0.20039106517675229       0.97974738799274896        0.0000000000000000     
  0.18807049141748206       0.98218731999572406        0.0000000000000000     
  0.17572025187649318       0.98447232234306092        0.0000000000000000     
  0.16334229471901540       0.98660203481388420        0.0000000000000000     
  0.15093857247726389       0.98857612168413478        0.0000000000000000     
  0.13851104174240722       0.99039427177939676        0.0000000000000000     
  0.12606166285589859       0.99205619852385118        0.0000000000000000     
  0.11359239960021852       0.99356163998534885        0.0000000000000000     
  0.10110521888907834       0.99491035891659507        0.0000000000000000     
   8.8602090457132798E-002  0.99610214279243892        0.0000000000000000     
   7.6084986549251332E-002  0.99713680384326331        0.0000000000000000     
   6.3555881609396514E-002  0.99801417908446888        0.0000000000000000     
   5.1016751969159134E-002  0.99873413034204783        0.0000000000000000     
   3.8469575535998883E-002  0.99929654427424375        0.0000000000000000     
   2.5916331481239875E-002  0.99970133238929404        0.0000000000000000     
   1.3358999927870211E-002  0.99994843105925224        0.0000000000000000     
   7.9956163819488015E-004   1.0000378015298883        0.0000000000000000     
  -1.1760002298608779E-002  0.99996942992666471        0.0000000000000000     
  -2.4317710778983734E-002  0.99974332725678872        0.0000000000000000     
  -3.6871582997484775E-002  0.99935952940733941        0.0000000000000000     
  -4.9419638759219509E-002  0.99881809713947012        0.0000000000000000     
  -6.1959898792189716E-002  0.99811911607868808        0.0000000000000000     
  -7.4490385059483633E-002  0.99726269670121204        0.0000000000000000     
  -8.7009121071270040E-002  0.99624897431641035        0.0000000000000000     
  -9.9514132196544910E-002  0.99507810904532201        0.0000000000000000     
 -0.11200344597458141       0.99375028579526503        0.0000000000000000     
 -0.12447509242603426       0.99226571423053578        0.0000000000000000     
 -0.13692710436364933       0.99062462873920309        0.0000000000000000     
 -0.14935751770252931       0.98882728839600420        0.0000000000000000     
 -0.16176437176990696       0.98687397692134704        0.0000000000000000     
 -0.17414570961437664       0.98476500263642597        0.0000000000000000     
 -0.18649957831453567       0.98250069841445842        0.0000000000000000     
 -0.19882402928698667       0.98008142162804912        0.0000000000000000     
 -0.21111711859365248       0.97750755409269241        0.0000000000000000     
 -0.22337690724835513       0.97477950200641839        0.0000000000000000     
 -0.23560146152261058       0.97189769588559594        0.0000000000000000     
 -0.24778885325059094       0.96886259049690071        0.0000000000000000     
 -0.25993716013320622       0.96567466478545938        0.0000000000000000     
 -0.27204446604125759       0.96233442179918138        0.0000000000000000     
 -0.28410886131761454       0.95884238860929139        0.0000000000000000     
 -0.29612844307836783       0.95519911622707299        0.0000000000000000     
 -0.30810131551291170       0.95140517951683834        0.0000000000000000     
 -0.32002559018290688       0.94746117710513778        0.0000000000000000     
 -0.33189938632007837       0.94336773128622198        0.0000000000000000     
 -0.34372083112280027       0.93912548792377437        0.0000000000000000     
 -0.35548806005142153       0.93473511634892659        0.0000000000000000     
 -0.36719921712228543       0.93019730925457478        0.0000000000000000     
 -0.37885245520039723       0.92551278258601344        0.0000000000000000     
 -0.39044593629069330       0.92068227542790360        0.0000000000000000     
 -0.40197783182786606       0.91570654988759292        0.0000000000000000     
 -0.41344632296469896       0.91058639097480776        0.0000000000000000     
 -0.42484960085886647       0.90532260647773399        0.0000000000000000     
 -0.43618586695815326       0.89991602683550798        0.0000000000000000     
 -0.44745333328404824       0.89436750500713735        0.0000000000000000     
 -0.45865022271366845       0.88867791633687176        0.0000000000000000     
 -0.46977476925996842       0.88284815841604558        0.0000000000000000     
 -0.48082521835019115       0.87687915094141433        0.0000000000000000     
 -0.49179982710251635       0.87077183557000659        0.0000000000000000     
 -0.50269686460086305       0.86452717577051563        0.0000000000000000     
 -0.51351461216780248       0.85814615667125227        0.0000000000000000     
 -0.52425136363553915       0.85162978490468533        0.0000000000000000     
 -0.53490542561491661       0.84497908844859249        0.0000000000000000     
 -0.54547511776240609       0.83819511646384703        0.0000000000000000     
 -0.55595877304503627       0.83127893912886675        0.0000000000000000     
 -0.56635473800322089       0.82423164747075028        0.0000000000000000     
 -0.57666137301144504       0.81705435319312858        0.0000000000000000     
 -0.58687705253676758       0.80974818850075747        0.0000000000000000     
 -0.59700016539509948       0.80231430592088004        0.0000000000000000     
 -0.60702911500521728       0.79475387812138609        0.0000000000000000     
 -0.61696231964047277       0.78706809772579922        0.0000000000000000     
 -0.62679821267815805       0.77925817712511769        0.0000000000000000     
 -0.63653524284648755       0.77132534828654187        0.0000000000000000     
 -0.64617187446915747       0.76327086255911669        0.0000000000000000     
 -0.65570658770744483       0.75509599047632003        0.0000000000000000     
 -0.66513787879980757       0.74680202155562869        0.0000000000000000     
 -0.67446426029894790       0.73839026409509334        0.0000000000000000     
 -0.68368426130630244       0.72986204496695384        0.0000000000000000     
 -0.69279642770392114       0.72121870940832911        0.0000000000000000     
 -0.70179932238369880       0.71246162080901265        0.0000000000000000     
 -0.71069152547392356       0.70359216049640882        0.0000000000000000     
 -0.71947163456310692       0.69461172751764255        0.0000000000000000     
 -0.72813826492105849       0.68552173841887820        0.0000000000000000     
 -0.73669004971717256       0.67632362702188076        0.0000000000000000     
 -0.74512564023589134       0.66701884419785618        0.0000000000000000     
 -0.75344370608931077       0.65760885763860533        0.0000000000000000     
 -0.76164293542689565       0.64809515162502807        0.0000000000000000     
 -0.76972203514227133       0.63847922679301494        0.0000000000000000     
 -0.77767973107705923       0.62876259989676098        0.0000000000000000     
 -0.78551476822172372       0.61894680356954201        0.0000000000000000     
 -0.79322591091339967       0.60903338608198831        0.0000000000000000     
 -0.80081194303066872       0.59902391109789610        0.0000000000000000     
 -0.80827166818525398       0.58891995742761316        0.0000000000000000     
 -0.81560390991060305       0.57872311877903992        0.0000000000000000     
 -0.82280751184732970       0.56843500350628273        0.0000000000000000     
 -0.82988133792548480       0.55805723435600096        0.0000000000000000     
 -0.83682427254362801       0.54759144821148664        0.0000000000000000     
 -0.84363522074467201       0.53703929583451793        0.0000000000000000     
 -0.85031310838847196       0.52640244160502581        0.0000000000000000     
 -0.85685688232113233       0.51568256325861694        0.0000000000000000     
 -0.86326551054100498       0.50488135162199177        0.0000000000000000     
 -0.86953798236135249       0.49400051034630171        0.0000000000000000     
 -0.87567330856965087       0.48304175563848584        0.0000000000000000     
 -0.88167052158350634       0.47200681599063055        0.0000000000000000     
 -0.88752867560316262       0.46089743190739385        0.0000000000000000     
 -0.89324684676057364       0.44971535563153819        0.0000000000000000     
 -0.89882413326501864       0.43846235086761431        0.0000000000000000     
 -0.90425965554523757       0.42714019250384000        0.0000000000000000     
 -0.90955255638806265       0.41575066633221774        0.0000000000000000     
 -0.91470200107352606       0.40429556876693490        0.0000000000000000     
 -0.91970717750642195       0.39277670656109098        0.0000000000000000     
 -0.92456729634430124       0.38119589652179697        0.0000000000000000     
 -0.92928159112188025       0.36955496522369113        0.0000000000000000     
 -0.93384931837184304       0.35785574872091652        0.0000000000000000     
 -0.93826975774201882       0.34610009225760585        0.0000000000000000     
 -0.94254221210891498       0.33428984997691874        0.0000000000000000     
 -0.94666600768758957       0.32242688462867819        0.0000000000000000     
 -0.95064049413784468       0.31051306727565103        0.0000000000000000     
 -0.95446504466672388       0.29855027699851949        0.0000000000000000     
 -0.95813905612729910       0.28654040059959052        0.0000000000000000     
 -0.96166194911372949       0.27448533230528854        0.0000000000000000     
 -0.96503316805257888       0.26238697346747947        0.0000000000000000     
 -0.96825218129037649       0.25024723226367274        0.0000000000000000     
 -0.97131848117740771       0.23806802339614810        0.0000000000000000     
 -0.97423158414772182       0.22585126779005538        0.0000000000000000     
 -0.97699103079534277       0.21359889229053405        0.0000000000000000     
 -0.97959638594667353       0.20131282935890071        0.0000000000000000     
 -0.98204723872908006       0.18899501676795216        0.0000000000000000     
 -0.98434320263564568       0.17664739729643208        0.0000000000000000     
 -0.98648391558608528       0.16427191842270950        0.0000000000000000     
 -0.98846903998380953       0.15187053201771702        0.0000000000000000     
 -0.99029826276913069       0.13944519403719782        0.0000000000000000     
 -0.99197129546860052       0.12699786421330891        0.0000000000000000     
 -0.99348787424047447       0.11453050574563010        0.0000000000000000     
 -0.99484775991629271       0.10204508499162682        0.0000000000000000     
 -0.99605073803857325        8.9543571156615695E-002   0.0000000000000000     
 -0.99709661889461032        7.7027935983281809E-002   0.0000000000000000     
 -0.99798523754637314        6.4500153440796265E-002   0.0000000000000000     
 -0.99871645385650010        5.1962199413583252E-002   0.0000000000000000     
 -0.99929015251038422        3.9416051389785510E-002   0.0000000000000000     
 -0.99970624303434652        2.6863688149477288E-002   0.0000000000000000     
 -0.99996465980989491        1.4307089452673843E-002   0.0000000000000000     
  -1.0000653620840654        1.7482357271866528E-003   0.0000000000000000     
  -1.0000083339758445       -1.0810892243626526E-002   0.0000000000000000     
 -0.99979358447867295       -2.3368313633167579E-002   0.0000000000000000     
 -0.99942114745902744       -3.5922047883910777E-002   0.0000000000000000     
 -0.99889108165108365       -4.8470115019673139E-002   0.0000000000000000     
 -0.99820347064745996       -6.1010535957793280E-002   0.0000000000000000     
 -0.99735842288604304       -7.3541332821169522E-002   0.0000000000000000     
 -0.99635607163289863       -8.6060529250108195E-002   0.0000000000000000     
 -0.99519657496126834       -9.8566150713933057E-002   0.0000000000000000     
 -0.99388011572665780      -0.11105622482230663        0.0000000000000000     
 -0.99240690153801880      -0.12352878163621454        0.0000000000000000     
 -0.99077716472502997      -0.13598185397856394        0.0000000000000000     
 -0.98899116230148165      -0.14841347774434688        0.0000000000000000     
 -0.98704917592477071      -0.16082169221032011        0.0000000000000000     
 -0.98495151185151120      -0.17320454034415228        0.0000000000000000     
 -0.98269850088926824      -0.18556006911298997        0.0000000000000000     
 -0.98029049834442206      -0.19788632979139392        0.0000000000000000     
 -0.97772788396617194      -0.21018137826859709        0.0000000000000000     
 -0.97501106188668674      -0.22244327535503589        0.0000000000000000     
 -0.97214046055741321      -0.23467008708810672        0.0000000000000000     
 -0.96911653268155085      -0.24685988503709921        0.0000000000000000     
 -0.96593975514270503      -0.25901074660725848        0.0000000000000000     
 -0.96261062892972860      -0.27112075534292851        0.0000000000000000     
 -0.95912967905776425      -0.28318800122972859        0.0000000000000000     
 -0.95549745448550039      -0.29521058099571557        0.0000000000000000     
 -0.95171452802865264      -0.30718659841148427        0.0000000000000000     
 -0.94778149626968555      -0.31911416458915920        0.0000000000000000     
 -0.94369897946378767      -0.33099139828022972        0.0000000000000000     
 -0.93946762144111629      -0.34281642617218255        0.0000000000000000     
 -0.93508808950532518      -0.35458738318388450        0.0000000000000000     
 -0.93056107432839330      -0.36630241275966868        0.0000000000000000     
 -0.92588728984176916      -0.37795966716207868        0.0000000000000000     
 -0.92106747312385007      -0.38955730776322339        0.0000000000000000     
 -0.91610238428381141      -0.40109350533469779        0.0000000000000000     
 -0.91099280634180690      -0.41256644033602330        0.0000000000000000     
 -0.90573954510555610      -0.42397430320156237        0.0000000000000000     
 -0.90034342904334086      -0.43531529462586238        0.0000000000000000     
 -0.89480530915342860      -0.44658762584738343        0.0000000000000000     
 -0.88912605882994511      -0.45778951893056602        0.0000000000000000     
 -0.88330657372521604      -0.46891920704619333        0.0000000000000000     
 -0.87734777160859967      -0.47997493475000452        0.0000000000000000     
 -0.87125059222183288      -0.49095495825951513        0.0000000000000000     
 -0.86501599713091382      -0.50185754572900065        0.0000000000000000     
 -0.85864496957454317      -0.51268097752260045        0.0000000000000000     
 -0.85213851430914889      -0.52342354648549794        0.0000000000000000     
 -0.84549765745051864      -0.53408355821313580        0.0000000000000000     
 -0.83872344631206475      -0.54465933131842292        0.0000000000000000     
 -0.83181694923974669      -0.55514919769689031        0.0000000000000000     
 -0.82477925544367769      -0.56555150278975608        0.0000000000000000     
 -0.81761147482644159      -0.57586460584485599        0.0000000000000000     
 -0.81031473780814745      -0.58608688017539989        0.0000000000000000     
 -0.80289019514824833      -0.59621671341651239        0.0000000000000000     
 -0.79533901776415361      -0.60625250777951789        0.0000000000000000     
 -0.78766239654666204      -0.61619268030392971        0.0000000000000000     
 -0.77986154217224601      -0.62603566310710312        0.0000000000000000     
 -0.77193768491221548      -0.63577990363151415        0.0000000000000000     
 -0.76389207443879159      -0.64542386488962344        0.0000000000000000     
 -0.75572597962812127      -0.65496602570628815        0.0000000000000000     
 -0.74744068836026278      -0.66440488095868300        0.0000000000000000     
 -0.73903750731617501      -0.67373894181369220        0.0000000000000000     
 -0.73051776177174110      -0.68296673596273572        0.0000000000000000     
 -0.72188279538885913      -0.69208680785399224        0.0000000000000000     
 -0.71313397000363365      -0.70109771892198258        0.0000000000000000     
 -0.70427266541170030      -0.70999804781447695        0.0000000000000000     
 -0.69530027915071768      -0.71878639061669025        0.0000000000000000     
 -0.68621822628006079      -0.72746136107273096        0.0000000000000000     
 -0.67702793915775050      -0.73602159080426732        0.0000000000000000     
 -0.66773086721465480      -0.74446572952637746        0.0000000000000000     
 -0.65832847672599604      -0.75279244526054878        0.0000000000000000     
 -0.64882225058020127      -0.76100042454479300        0.0000000000000000     
 -0.63921368804513201      -0.76908837264084395        0.0000000000000000     
 -0.62950430453172923      -0.77705501373840558        0.0000000000000000     
 -0.61969563135511241      -0.78489909115641754        0.0000000000000000     
 -0.60978921549316789      -0.79261936754130669        0.0000000000000000     
 -0.59978661934266764      -0.80021462506219365        0.0000000000000000     
 -0.58968942047295336      -0.80768366560302240        0.0000000000000000     
 -0.57949921137722782      -0.81502531095158470        0.0000000000000000     
 -0.56921759922149062      -0.82223840298540685        0.0000000000000000     
 -0.55884620559115816      -0.82932180385447218        0.0000000000000000     
 -0.54838666623540855      -0.83627439616074795        0.0000000000000000     
 -0.53784063080929101      -0.84309508313449000        0.0000000000000000     
 -0.52720976261364039      -0.84978278880729696        0.0000000000000000     
 -0.51649573833283779      -0.85633645818188564        0.0000000000000000     
 -0.50570024777045919      -0.86275505739856240        0.0000000000000000     
 -0.49482499358285231      -0.86903757389836300        0.0000000000000000     
 -0.48387169101068533      -0.87518301658283593        0.0000000000000000     
 -0.47284206760850861      -0.88119041597044301        0.0000000000000000     
 -0.46173786297237207      -0.88705882434955396        0.0000000000000000     
 -0.45056082846554174      -0.89278731592800953        0.0000000000000000     
 -0.43931272694235812      -0.89837498697922946        0.0000000000000000     
 -0.42799533247027993      -0.90382095598484380        0.0000000000000000     
 -0.41661043005015730      -0.90912436377382322        0.0000000000000000     
 -0.40515981533477791      -0.91428437365808701        0.0000000000000000     
 -0.39364529434573126      -0.91930017156456778        0.0000000000000000     
 -0.38206868318863468      -0.92417096616371097        0.0000000000000000     
 -0.37043180776676676      -0.92889598899439008        0.0000000000000000     
 -0.35873650349315261      -0.93347449458521636        0.0000000000000000     
 -0.34698461500114702      -0.93790576057222552        0.0000000000000000     
 -0.33517799585356051      -0.94218908781292121        0.0000000000000000     
 -0.32331850825037439      -0.94632380049665821        0.0000000000000000     
 -0.31140802273509088      -0.95030924625134738        0.0000000000000000     
 -0.29944841789976429      -0.95414479624646598        0.0000000000000000     
 -0.28744158008876025      -0.95782984529235637        0.0000000000000000     
 -0.27538940310128895      -0.96136381193579812        0.0000000000000000     
 -0.26329378789276014      -0.96474613855183722        0.0000000000000000     
 -0.25115664227500600      -0.96797629143185959        0.0000000000000000     
 -0.23897988061541986      -0.97105376086789319        0.0000000000000000     
 -0.22676542353505785      -0.97397806123312591        0.0000000000000000     
 -0.21451519760575116      -0.97674873105862769        0.0000000000000000     
 -0.20223113504627649      -0.97936533310626261        0.0000000000000000     
 -0.18991517341763273      -0.98182745443778086        0.0000000000000000     
 -0.17756925531747197      -0.98413470648007895        0.0000000000000000     
 -0.16519532807373286      -0.98628672508661841        0.0000000000000000     
 -0.15279534343752443      -0.98828317059499216        0.0000000000000000     
 -0.14037125727530927      -0.99012372788063086        0.0000000000000000     
 -0.12792502926043423      -0.99180810640663886        0.0000000000000000     
 -0.11545862256405726      -0.99333604026975375        0.0000000000000000     
 -0.10297400354551939      -0.99470728824242061        0.0000000000000000     
  -9.0473141442210414E-002 -0.99592163381097509        0.0000000000000000     
  -7.7958008058977207E-002 -0.99697888520992894        0.0000000000000000     
  -6.5430577457123801E-002 -0.99787887545235265        0.0000000000000000     
  -5.2892825643052067E-002 -0.99862146235635019        0.0000000000000000     
  -4.0346730256592286E-002 -0.99920652856762116        0.0000000000000000     
  -2.7794270259072589E-002 -0.99963398157810823        0.0000000000000000     
  -1.5237425621176576E-002 -0.99990375374072449        0.0000000000000000     
  -2.6781770106382810E-003  -1.0000158022801604        0.0000000000000000     
   9.8814945201762330E-003 -0.99997010929976815        0.0000000000000000     
   2.2439607846751367E-002 -0.99976668178451999        0.0000000000000000     
   3.4994182084919320E-002 -0.99940555160004407        0.0000000000000000     
   4.7543236903322912E-002 -0.99888677548773430        0.0000000000000000     
   6.0084792835794654E-002 -0.99821043505593643        0.0000000000000000     
   7.2616871593602764E-002 -0.99737663676721189        0.0000000000000000     
   8.5137496377514887E-002 -0.99638551192168023        0.0000000000000000     
   9.7644692189630275E-002 -0.99523721663644404        0.0000000000000000     
  0.11013648614493118      -0.99393193182109796        0.0000000000000000     
  0.12261090778250440      -0.99246986314932739        0.0000000000000000     
  0.13506598937638381      -0.99085124102659961        0.0000000000000000     
  0.14749976624596489      -0.98907632055395345        0.0000000000000000     
  0.15991027706594199      -0.98714538148789233        0.0000000000000000     
  0.17229556417572006      -0.98505872819638784        0.0000000000000000     
  0.18465367388825119      -0.98281668961099955        0.0000000000000000     
  0.19698265679824783      -0.98041961917511977        0.0000000000000000     
  0.20928056808972392      -0.97786789478835012        0.0000000000000000     
  0.22154546784281509      -0.97516191874701996        0.0000000000000000     
  0.23377542133982995      -0.97230211768085428        0.0000000000000000     
  0.24596849937048376      -0.96928894248580277        0.0000000000000000     
  0.25812277853626669      -0.96612286825303939        0.0000000000000000     
  0.27023634155389809      -0.96280439419414376        0.0000000000000000     
  0.28230727755781954      -0.95933404356247642        0.0000000000000000     
  0.29433368240167823      -0.95571236357076006        0.0000000000000000     
  0.30631365895875384      -0.95193992530487981        0.0000000000000000     
  0.31824531742128037      -0.94801732363391578        0.0000000000000000     
  0.33012677559861703      -0.94394517711642212        0.0000000000000000     
  0.34195615921422007      -0.93972412790296767        0.0000000000000000     
  0.35373160220136901      -0.93535484163495319        0.0000000000000000     
  0.36545124699760068      -0.93083800733972089        0.0000000000000000     
  0.37711324483780428      -0.92617433732197296        0.0000000000000000     
  0.38871575604593167      -0.92136456705151593        0.0000000000000000     
  0.40025695032527614      -0.91640945504734961        0.0000000000000000     
  0.41173500704727417      -0.91130978275811658        0.0000000000000000     
  0.42314811553878501      -0.90606635443893335        0.0000000000000000     
  0.43449447536780178      -0.90067999702462143        0.0000000000000000     
  0.44577229662754952      -0.89515155999935803        0.0000000000000000     
  0.45697980021892554      -0.88948191526276732        0.0000000000000000     
  0.46811521813123674      -0.88367195699247403        0.0000000000000000     
  0.47917679372119004      -0.87772260150313908        0.0000000000000000     
  0.49016278199009217      -0.87163478710200137        0.0000000000000000     
  0.50107144985921392      -0.86540947394094758        0.0000000000000000     
  0.51190107644327654      -0.85904764386513321        0.0000000000000000     
  0.52264995332201636      -0.85255030025817879        0.0000000000000000     
  0.53331638480978483      -0.84591846788396596        0.0000000000000000     
  0.54389868822314202      -0.83915319272505806        0.0000000000000000     
  0.55439519414639982      -0.83225554181777039        0.0000000000000000     
  0.56480424669507467      -0.82522660308391682        0.0000000000000000     
  0.57512420377720708      -0.81806748515925864        0.0000000000000000     
  0.58535343735250633      -0.81077931721868257        0.0000000000000000     
  0.59549033368928084      -0.80336324879813659        0.0000000000000000     
  0.60553329361911201      -0.79582044961335030        0.0000000000000000     
  0.61548073278923254      -0.78815210937536861        0.0000000000000000     
  0.62533108191256792      -0.78035943760292914        0.0000000000000000     
  0.63508278701540355      -0.77244366343171100        0.0000000000000000     
  0.64473430968263645      -0.76440603542048602        0.0000000000000000     
  0.65428412730057373      -0.75624782135420376        0.0000000000000000     
  0.66373073329723886      -0.74797030804403930        0.0000000000000000     
  0.67307263738014933      -0.73957480112443730        0.0000000000000000     
  0.68230836577152543      -0.73106262484718298        0.0000000000000000     
  0.69143646144089566      -0.72243512187253389        0.0000000000000000     
  0.70045548433506011      -0.71369365305744348        0.0000000000000000     
  0.70936401160537632      -0.70483959724091183        0.0000000000000000     
  0.71816063783233164      -0.69587435102649631        0.0000000000000000     
  0.72684397524736610      -0.68679932856201609        0.0000000000000000     
  0.73541265395191169      -0.67761596131648683        0.0000000000000000     
  0.74386532213361189      -0.66832569785431895        0.0000000000000000     
  0.75220064627968886      -0.65893000360681631        0.0000000000000000     
  0.76041731138742352      -0.64943036064101078        0.0000000000000000     
  0.76851402117171563      -0.63982826742586940        0.0000000000000000     
  0.77648949826969094      -0.63012523859591085        0.0000000000000000     
  0.78434248444232302      -0.62032280471226875        0.0000000000000000     
  0.79207174077303788      -0.61042251202123921        0.0000000000000000     
  0.79967604786327051      -0.60042592221035129        0.0000000000000000     
  0.80715420602494115      -0.59033461216199767        0.0000000000000000     
  0.81450503546982200      -0.58015017370466637        0.0000000000000000     
  0.82172737649576444      -0.56987421336181021        0.0000000000000000     
  0.82882008966975595      -0.55950835209839644        0.0000000000000000     
  0.83578205600777944      -0.54905422506517421        0.0000000000000000     
  0.84261217715144587      -0.53851348134070176        0.0000000000000000     
  0.84930937554137143      -0.52788778367117306        0.0000000000000000     
  0.85587259458727372      -0.51717880820808571        0.0000000000000000     
  0.86230079883475785      -0.50638824424379103        0.0000000000000000     
  0.86859297412876735      -0.49551779394496881        0.0000000000000000     
  0.87474812777367428      -0.48456917208406719        0.0000000000000000     
  0.88076528868998227      -0.47354410576875222        0.0000000000000000     
  0.88664350756761845      -0.46244433416940828        0.0000000000000000     
  0.89238185701578920      -0.45127160824473261        0.0000000000000000     
  0.89797943170937700      -0.44002769046546814        0.0000000000000000     
  0.90343534853185492      -0.42871435453631712        0.0000000000000000     
  0.90874874671469530      -0.41733338511608015        0.0000000000000000     
  0.91391878797325177      -0.40588657753606472        0.0000000000000000     
  0.91894465663909219      -0.39437573751680749        0.0000000000000000     
  0.92382555978876246      -0.38280268088315511        0.0000000000000000     
  0.92856072736895978      -0.37116923327774931        0.0000000000000000     
  0.93314941231809612      -0.35947722987295977        0.0000000000000000     
  0.93759089068423296      -0.34772851508131253        0.0000000000000000     
  0.94188446173936824      -0.33592494226445763        0.0000000000000000     
  0.94602944809005729      -0.32406837344072337        0.0000000000000000     
  0.95002519578435018      -0.31216067899130268        0.0000000000000000     
  0.95387107441502972      -0.30020373736511802        0.0000000000000000     
  0.95756647721913191      -0.28819943478241200        0.0000000000000000     
  0.96111082117373459      -0.27614966493710980        0.0000000000000000     
  0.96450354708799868      -0.26405632869800083        0.0000000000000000     
  0.96774411969144669      -0.25192133380878678        0.0000000000000000     
  0.97083202771846611      -0.23974659458704342        0.0000000000000000     
  0.97376678398902272      -0.22753403162214375        0.0000000000000000     
  0.97654792548557190      -0.21528557147219010        0.0000000000000000     
  0.97917501342615565      -0.20300314636000327        0.0000000000000000     
  0.98164763333367400      -0.19068869386821638        0.0000000000000000     
  0.98396539510131875      -0.17834415663352213        0.0000000000000000     
  0.98612793305416047      -0.16597148204012127        0.0000000000000000     
  0.98813490600687870      -0.15357262191242099        0.0000000000000000     
  0.98998599731762571      -0.14114953220703177        0.0000000000000000     
  0.99168091493801547      -0.12870417270411127        0.0000000000000000     
  0.99321939145923044      -0.11623850669810400        0.0000000000000000     
  0.99460118415423837      -0.10375450068792583        0.0000000000000000     
  0.99582607501611220       -9.1254124066642059E-002   0.0000000000000000     
  0.99689387079244796       -7.8739348810688226E-002   0.0000000000000000     
  0.99780440301587403       -6.6212149168682677E-002   0.0000000000000000     
  0.99855752803064801       -5.3674501349880152E-002   0.0000000000000000     
  0.99915312701533610       -4.1128383212315524E-002   0.0000000000000000     
  0.99959110600157208       -2.8575773950687056E-002   0.0000000000000000     
  0.99987139588889218       -1.6018653784028416E-002   0.0000000000000000     
  0.99999395245564471       -3.4590036432188540E-003   0.0000000000000000     
  0.99995875636597120        9.1011951416191204E-003   0.0000000000000000     
  0.99976581317285917        2.1659961153785125E-002   0.0000000000000000     
  0.99941515331726538        3.4215313202679981E-002   0.0000000000000000     
  0.99890683212330977        4.6765270636449065E-002   0.0000000000000000     
  0.99824092978954126        5.9307853654540513E-002   0.0000000000000000     
  0.99741755137627652        7.1841083620128948E-002   0.0000000000000000     
  0.99643682678901346        8.4362983372355260E-002   0.0000000000000000     
  0.99529891075792254        9.6871577538333226E-002   0.0000000000000000     
  0.99400398281341851       0.10936489284487359        0.0000000000000000     
  0.99255224725781754       0.12184095842987633        0.0000000000000000     
  0.99094393313308282       0.13429780615334200        0.0000000000000000     
  0.98917929418466499       0.14673347090795288        0.0000000000000000     
  0.98725860882144256       0.15914599092917503        0.0000000000000000     
  0.98518218007176805       0.17153340810483206        0.0000000000000000     
  0.98295033553562816       0.18389376828410181        0.0000000000000000     
  0.98056342733292468       0.19622512158588712        0.0000000000000000     
  0.97802183204788418       0.20852552270651195        0.0000000000000000     
  0.97532595066960603       0.22079303122669419        0.0000000000000000     
  0.97247620852875705       0.23302571191774679        0.0000000000000000     
  0.96947305523042426       0.24522163504695857        0.0000000000000000     
  0.96631696458313499       0.25737887668210685        0.0000000000000000     
  0.96300843452405616       0.26949551899505331        0.0000000000000000     
  0.95954798704038513       0.28156965056437572        0.0000000000000000     
  0.95593616808694315       0.29359936667698705        0.0000000000000000     
  0.95217354749998595       0.30558276962869485        0.0000000000000000     
  0.94826071890724462       0.31751796902365320        0.0000000000000000     
  0.94419829963420965       0.32940308207265984        0.0000000000000000     
  0.93998693060667571       0.34123623389025137        0.0000000000000000     
  0.93562727624956010       0.35301555779055005        0.0000000000000000     
  0.93112002438201213       0.36473919558181467        0.0000000000000000     
  0.92646588610882985       0.37640529785964960        0.0000000000000000     
  0.92166559570820072       0.38801202429882559        0.0000000000000000     
  0.91671991051578483       0.39955754394366561        0.0000000000000000     
  0.91162961080515892       0.41104003549695101        0.0000000000000000     
  0.90639549966463917       0.42245768760730135        0.0000000000000000     
  0.90101840287050350       0.43380869915498299        0.0000000000000000     
  0.89549916875663271       0.44509127953610123        0.0000000000000000     
  0.88983866808059098       0.45630364894513087        0.0000000000000000     
  0.88403779388616743       0.46744403865574125        0.0000000000000000     
  0.87809746136240052       0.47851069129987045        0.0000000000000000     
  0.87201860769910655       0.48950186114500532        0.0000000000000000     
  0.86580219193893693       0.50041581436962346        0.0000000000000000     
  0.85944919482598547       0.51125082933675292        0.0000000000000000     
  0.85296061865097184       0.52200519686560798        0.0000000000000000     
  0.84633748709302381       0.53267722050125643        0.0000000000000000     
  0.83958084505808450       0.54326521678227657        0.0000000000000000     
  0.83269175851396970       0.55376751550636172        0.0000000000000000     
  0.82567131432210150       0.56418245999383021        0.0000000000000000     
  0.81852062006594484       0.57450840734899955        0.0000000000000000     
  0.81124080387617425       0.58474372871938207        0.0000000000000000     
  0.80383301425259812       0.59488680955266360        0.0000000000000000     
  0.79629841988286842       0.60493604985142257        0.0000000000000000     
  0.78863820945800589       0.61488986442554971        0.0000000000000000     
  0.78085359148476852       0.62474668314232973        0.0000000000000000     
  0.77294579409489284       0.63450495117414352        0.0000000000000000     
  0.76491606485124009       0.64416312924375396        0.0000000000000000     
  0.75676567055087529       0.65371969386713413        0.0000000000000000     
  0.74849589702511243       0.66317313759380259        0.0000000000000000     
  0.74010804893655691       0.67252196924462460        0.0000000000000000     
  0.73160344957317613       0.68176471414704476        0.0000000000000000     
  0.72298344063943309       0.69089991436771159        0.0000000000000000     
  0.71424938204451327       0.69992612894245876        0.0000000000000000     
  0.70540265168768079       0.70884193410360596        0.0000000000000000     
  0.69644464524079641       0.71764592350454404        0.0000000000000000     
  0.68737677592803170       0.72633670844156850        0.0000000000000000     
  0.67820047430281516       0.73491291807292725        0.0000000000000000     
  0.66891718802204481       0.74337319963504667        0.0000000000000000     
  0.65952838161760252       0.75171621865590288        0.0000000000000000     
  0.65003553626520794       0.75994065916550457        0.0000000000000000     
  0.64044014955064621       0.76804522390345409        0.0000000000000000     
  0.63074373523340865       0.77602863452355331        0.0000000000000000     
  0.62094782300778262       0.78388963179542293        0.0000000000000000     
  0.61105395826142750       0.79162697580310382        0.0000000000000000     
  0.60106370183147750       0.79923944614060694        0.0000000000000000     
  0.59097862975820703       0.80672584210438392        0.0000000000000000     
  0.58080033303629974       0.81408498288268605        0.0000000000000000     
  0.57053041736375898       0.82131570774178164        0.0000000000000000     
  0.56017050288850034       0.82841687620900384        0.0000000000000000     
  0.54972222395266601       0.83538736825259929        0.0000000000000000     
  0.53918722883470149       0.84222608445834890        0.0000000000000000     
  0.52856717948923526       0.84893194620293322        0.0000000000000000     
  0.51786375128480222       0.85550389582401565        0.0000000000000000     
  0.50707863273945319       0.86194089678701591        0.0000000000000000     
  0.49621352525429180       0.86824193384854798        0.0000000000000000     
  0.48527014284498005       0.87440601321649614        0.0000000000000000     
  0.47425021187125688       0.88043216270670499        0.0000000000000000     
  0.46315547076451036       0.88631943189625750        0.0000000000000000     
  0.45198766975344840       0.89206689227331826        0.0000000000000000     
  0.44074857058790973       0.89767363738351735        0.0000000000000000     
  0.42943994626086013       0.90313878297285177        0.0000000000000000     
  0.41806358072861682       0.90846146712708309        0.0000000000000000     
  0.40662126862934589       0.91364085040760756        0.0000000000000000     
  0.39511481499987694       0.91867611598377963        0.0000000000000000     
  0.38354603499087947       0.92356646976166534        0.0000000000000000     
  0.37191675358044657       0.92831114050920771        0.0000000000000000     
  0.36022880528613055       0.93290937997778312        0.0000000000000000     
  0.34848403387547650       0.93736046302013021        0.0000000000000000     
  0.33668429207509915       0.94166368770463205        0.0000000000000000     
  0.32483144127834906       0.94581837542593428        0.0000000000000000     
  0.31292735125161447       0.94982387101188159        0.0000000000000000     
  0.30097389983930473       0.95367954282675560        0.0000000000000000     
  0.28897297266756294       0.95738478287079842        0.0000000000000000     
  0.27692646284675321       0.96093900687600564        0.0000000000000000     
  0.26483627067277032       0.96434165439817376        0.0000000000000000     
  0.25270430332721910       0.96759218890518850        0.0000000000000000     
  0.24053247457651042       0.97069009786153870        0.0000000000000000     
  0.22832270446992137       0.97363489280904403        0.0000000000000000     
  0.21607691903666751       0.97642610944378250        0.0000000000000000     
  0.20379704998203491       0.97906330768920669        0.0000000000000000     
  0.19148503438261991       0.98154607176543707        0.0000000000000000     
  0.17914281438072471       0.98387401025472099        0.0000000000000000     
  0.16677233687795706       0.98604675616304771        0.0000000000000000     
  0.15437555322808247       0.98806396697790966        0.0000000000000000     
  0.14195441892917732       0.98992532472220063        0.0000000000000000     
  0.12951089331513160       0.99163053600424333        0.0000000000000000     
  0.11704693924654962       0.99317933206393683        0.0000000000000000     
  0.10456452280109799       0.99457146881501857        0.0000000000000000     
   9.2065612963349350E-002  0.99580672688343341        0.0000000000000000     
   7.9552181314170911E-002  0.99688491164180359        0.0000000000000000     
   6.7026201719706857E-002  0.99780585323999438        0.0000000000000000     
   5.4489650020003604E-002  0.99856940663177129        0.0000000000000000     
   4.1944503717327108E-002  0.99917545159754428        0.0000000000000000     
   2.9392741664221431E-002  0.99962389276319474        0.0000000000000000     
   1.6836343751357643E-002  0.99991465961498383        0.0000000000000000     
   4.2772905952224612E-003   1.0000477065105384        0.0000000000000000     
  -8.2824367743041926E-003   1.0000230126859146        0.0000000000000000     
  -2.0840857226433428E-002  0.99984058225873595        0.0000000000000000     
  -3.3395989841964083E-002  0.99950044422740747        0.0000000000000000     
  -4.5945854225742634E-002  0.99900265246640485        0.0000000000000000     
  -5.8488470819036999E-002  0.99834728571764020        0.0000000000000000     
  -7.1021861211774992E-002  0.99753444757790544        0.0000000000000000     
  -8.3544048454598174E-002  0.99656426648239493        0.0000000000000000     
  -9.6053057370681885E-002  0.99543689568431148        0.0000000000000000     
 -0.10854691486727228       0.99415251323055764        0.0000000000000000     
 -0.12102365024689125       0.99271132193351630        0.0000000000000000     
 -0.13348129551816018       0.99111354933892659        0.0000000000000000     
 -0.14591788570619341       0.98935944768985795        0.0000000000000000     
 -0.15833145916251268       0.98744929388679037        0.0000000000000000     
 -0.17072005787443353       0.98538338944380532        0.0000000000000000     
 -0.18308172777387488       0.98316206044089582        0.0000000000000000     
 -0.19541451904554305       0.98078565747240243        0.0000000000000000     
 -0.20771648643444202       0.97825455559158336        0.0000000000000000     
 -0.21998568955266079       0.97556915425132806        0.0000000000000000     
 -0.23222019318539019       0.97272987724102333        0.0000000000000000     
 -0.24441806759612034       0.96973717261958170        0.0000000000000000     
 -0.25657738883097098       0.96659151264464382        0.0000000000000000     
 -0.26869623902210660       0.96329339369796474        0.0000000000000000     
 -0.28077270669018844       0.95984333620699691        0.0000000000000000     
 -0.29280488704581609       0.95624188456268155        0.0000000000000000     
 -0.30479088228991053       0.95248960703346253        0.0000000000000000     
 -0.31672880191299191       0.94858709567553512        0.0000000000000000     
 -0.32861676299330478       0.94453496623934485        0.0000000000000000     
 -0.34045289049374305       0.94033385807235081        0.0000000000000000     
 -0.35223531755752929       0.93598443401806863        0.0000000000000000     
 -0.36396218580260042       0.93148738031140987        0.0000000000000000     
 -0.37563164561465445       0.92684340647033381        0.0000000000000000     
 -0.38724185643881104       0.92205324518382836        0.0000000000000000     
 -0.39879098706984123       0.91711765219623909        0.0000000000000000     
 -0.41027721594091937       0.91203740618796358        0.0000000000000000     
 -0.42169873141085262       0.90681330865253051        0.0000000000000000     
 -0.43305373204974240       0.90144618377008279        0.0000000000000000     
 -0.44434042692303272       0.89593687827728452        0.0000000000000000     
 -0.45555703587390117       0.89028626133367295        0.0000000000000000     
 -0.46670178980394728       0.88449522438447592        0.0000000000000000     
 -0.47777293095213469       0.87856468101991669        0.0000000000000000     
 -0.48876871317194320       0.87249556683102913        0.0000000000000000     
 -0.49968740220668639       0.86628883926200417        0.0000000000000000     
 -0.51052727596295233       0.85994547745909344        0.0000000000000000     
 -0.52128662478212351       0.85346648211609166        0.0000000000000000     
 -0.53196375170993426       0.84685287531642384        0.0000000000000000     
 -0.54255697276402182       0.84010570037186072        0.0000000000000000     
 -0.55306461719943001       0.83322602165788973        0.0000000000000000     
 -0.56348502777202369       0.82621492444576583        0.0000000000000000     
 -0.57381656099977185       0.81907351473126988        0.0000000000000000     
 -0.58405758742185887       0.81180291906020063        0.0000000000000000     
 -0.59420649185558228       0.80440428435062905        0.0000000000000000     
 -0.60426167365099803       0.79687877771194182        0.0000000000000000     
 -0.61422154694327169       0.78922758626070377        0.0000000000000000     
 -0.62408454090269649       0.78145191693336724        0.0000000000000000     
 -0.63384909998233940       0.77355299629585839        0.0000000000000000     
 -0.64351368416327492       0.76553207035007109        0.0000000000000000     
 -0.65307676919736957       0.75739040433729798        0.0000000000000000     
 -0.66253684684757752       0.74912928253862987        0.0000000000000000     
 -0.67189242512571035       0.74075000807235603        0.0000000000000000     
 -0.68114202852764283       0.73225390268839563        0.0000000000000000     
 -0.69028419826591891       0.72364230655979467        0.0000000000000000     
 -0.69931749249972008       0.71491657807131925        0.0000000000000000     
 -0.70824048656216010       0.70607809360518048        0.0000000000000000     
 -0.71705177318487134       0.69712824732392364        0.0000000000000000     
 -0.72574996271984582       0.68806845095051616        0.0000000000000000     
 -0.73433368335849758       0.67890013354566892        0.0000000000000000     
 -0.74280158134791097       0.66962474128242644        0.0000000000000000     
 -0.75115232120424091       0.66024373721806129        0.0000000000000000     
 -0.75938458592323177       0.65075860106330818        0.0000000000000000     
 -0.76749707718782212       0.64117082894897526        0.0000000000000000     
 -0.77548851557280152       0.63148193318996848        0.0000000000000000     
 -0.78335764074648873       0.62169344204676635        0.0000000000000000     
 -0.79110321166939790       0.61180689948438294        0.0000000000000000     
 -0.79872400678986299       0.60182386492885753        0.0000000000000000     
 -0.80621882423658919       0.59174591302130775        0.0000000000000000     
 -0.81358648200809991       0.58157463336958748        0.0000000000000000     
 -0.82082581815905165       0.57131163029758592        0.0000000000000000     
 -0.82793569098338549       0.56095852259220957        0.0000000000000000     
 -0.83491497919428781       0.55051694324808564        0.0000000000000000     
 -0.84176258210093091       0.53998853921002787        0.0000000000000000     
 -0.84847741978196622       0.52937497111330478        0.0000000000000000     
 -0.85505843325574293       0.51867791302175181        0.0000000000000000     
 -0.86150458464722524       0.50789905216376863        0.0000000000000000     
 -0.86781485735158115       0.49704008866624222        0.0000000000000000     
 -0.87398825619441822       0.48610273528643921        0.0000000000000000     
 -0.88002380758864107       0.47508871714190865        0.0000000000000000     
 -0.88592055968790429       0.46399977143843796        0.0000000000000000     
 -0.89167758253663920       0.45283764719610514        0.0000000000000000     
 -0.89729396821662866       0.44160410497347041        0.0000000000000000     
 -0.90276883099010785       0.43030091658995034        0.0000000000000000     
 -0.90810130743936845       0.41892986484641886        0.0000000000000000     
 -0.91329055660284453       0.40749274324407841        0.0000000000000000     
 -0.91833576010765805       0.39599135570164629        0.0000000000000000     
 -0.92323612229860363       0.38442751627090016        0.0000000000000000     
 -0.92799087036355221       0.37280304885062776        0.0000000000000000     
 -0.93259925445525416       0.36111978689902607        0.0000000000000000     
 -0.93706054780952153       0.34937957314459461        0.0000000000000000     
 -0.94137404685977311       0.33758425929556951        0.0000000000000000     
 -0.94553907134792126       0.32573570574794281        0.0000000000000000     
 -0.94955496443158649       0.31383578129211387        0.0000000000000000     
 -0.95342109278761944       0.30188636281821896        0.0000000000000000     
 -0.95713684671191712       0.28988933502018532        0.0000000000000000     
 -0.96070164021551541       0.27784659009855606        0.0000000000000000     
 -0.96411491111694425       0.26576002746213323        0.0000000000000000     
 -0.96737612113082971       0.25363155342848576        0.0000000000000000     
 -0.97048475595273043       0.24146308092336918        0.0000000000000000     
 -0.97344032534019342       0.22925652917910530        0.0000000000000000     
 -0.97624236319001845       0.21701382343196815        0.0000000000000000     
 -0.97889042761171663       0.20473689461862499        0.0000000000000000     
 -0.98138410099715390       0.19242767907167932        0.0000000000000000     
 -0.98372299008636710       0.18008811821436449        0.0000000000000000     
 -0.98590672602954177       0.16772015825443559        0.0000000000000000     
 -0.98793496444514406       0.15532574987730785        0.0000000000000000     
 -0.98980738547419544       0.14290684793849007        0.0000000000000000     
 -0.99152369383068273       0.13046541115536142        0.0000000000000000     
 -0.99308361884809537       0.11800340179834005        0.0000000000000000     
 -0.99448691452208249       0.10552278538149230        0.0000000000000000     
 -0.99573335954922326        9.3025530352631072E-002   0.0000000000000000     
 -0.99682275736190462        8.0513607782952343E-002   0.0000000000000000     
 -0.99775493615929989        6.7988991056258510E-002   0.0000000000000000     
 -0.99852974893444479        5.5453655557817609E-002   0.0000000000000000     
 -0.99914707349740550        4.2909578362907416E-002   0.0000000000000000     
 -0.99960681249453576        3.0358737925093370E-002   0.0000000000000000     
 -0.99990889342382006        1.7803113764289526E-002   0.0000000000000000     
  -1.0000532686462995        5.2446861546515764E-003   0.0000000000000000     
  -1.0000399153935799       -7.3145641876489103E-003   0.0000000000000000     
 -0.99986883577142072       -1.9872656416719831E-002   0.0000000000000000     
 -0.99954005675940194       -3.2427609869264309E-002   0.0000000000000000     
 -0.99905363020667304       -4.4977444376867751E-002   0.0000000000000000     
 -0.99840963282378170       -5.7520180578206910E-002   0.0000000000000000     
 -0.99760816617058401       -7.0053840231131925E-002   0.0000000000000000     
 -0.99664935664023901       -8.2576446524572106E-002   0.0000000000000000     
 -0.99553335543928911       -9.5086024390216378E-002   0.0000000000000000     
 -0.99426033856383034      -0.10758060081391932        0.0000000000000000     
 -0.99283050677177531      -0.12005820514678378        0.0000000000000000     
 -0.99124408555121379      -0.13251686941587096        0.0000000000000000     
 -0.98950132508487609      -0.14495462863448930        0.0000000000000000     
 -0.98760250021070439      -0.15736952111201294        0.0000000000000000     
 -0.98554791037853773      -0.16975958876318131        0.0000000000000000     
 -0.98333787960291941      -0.18212287741683097        0.0000000000000000     
 -0.98097275641203152      -0.19445743712401120        0.0000000000000000     
 -0.97845291379276644      -0.20676132246543455        0.0000000000000000     
 -0.97577874913194451      -0.21903259285821433        0.0000000000000000     
 -0.97295068415368413      -0.23126931286184033        0.0000000000000000     
 -0.96996916485293805      -0.24346955248334501        0.0000000000000000     
 -0.96683466142520291      -0.25563138748161168        0.0000000000000000     
 -0.96354766819241566      -0.26775289967077714        0.0000000000000000     
 -0.96010870352504651      -0.27983217722268061        0.0000000000000000     
 -0.95651830976040186      -0.29186731496831159        0.0000000000000000     
 -0.95277705311715000      -0.30385641469820912        0.0000000000000000     
 -0.94888552360608214      -0.31579758546176512        0.0000000000000000     
 -0.94484433493712383      -0.32768894386538472        0.0000000000000000     
 -0.94065412442261065      -0.33952861436945631        0.0000000000000000     
 -0.93631555287684420      -0.35131472958408494        0.0000000000000000     
 -0.93182930451194301      -0.36304543056354249        0.0000000000000000     
 -0.92719608683000565      -0.37471886709938790        0.0000000000000000     
 -0.92241663051160316      -0.38633319801221139        0.0000000000000000     
 -0.91749168930061686      -0.39788659144195687        0.0000000000000000     
 -0.91242203988544202      -0.40937722513677693        0.0000000000000000     
 -0.90720848177657365      -0.42080328674037443        0.0000000000000000     
 -0.90185183718059536      -0.43216297407778564        0.0000000000000000     
 -0.89635295087059008      -0.44345449543956050        0.0000000000000000     
 -0.89071269005299392      -0.45467606986429404        0.0000000000000000     
 -0.88493194423091315      -0.46582592741946544        0.0000000000000000     
 -0.87901162506392649      -0.47690230948054019        0.0000000000000000     
 -0.87295266622439460      -0.48790346900829140        0.0000000000000000     
 -0.86675602325029877      -0.49882767082429619        0.0000000000000000     
 -0.86042267339463341      -0.50967319188456428        0.0000000000000000     
 -0.85395361547137405      -0.52043832155125558        0.0000000000000000     
 -0.84734986969804682      -0.53112136186244352        0.0000000000000000     
 -0.84061247753492307      -0.54172062779988250        0.0000000000000000     
 -0.83374250152086493      -0.55223444755473572        0.0000000000000000     
 -0.82674102510584757      -0.56266116279122347        0.0000000000000000     
 -0.81960915248018440      -0.57299912890814908        0.0000000000000000     
 -0.81234800840048194      -0.58324671529826111        0.0000000000000000     
 -0.80495873801235185      -0.59340230560541196        0.0000000000000000     
 -0.79744250666990857      -0.60346429797947121        0.0000000000000000     
 -0.78980049975207967      -0.61343110532895495        0.0000000000000000     
 -0.78203392247575898      -0.62330115557132937        0.0000000000000000     
 -0.77414399970583148      -0.63307289188095095        0.0000000000000000     
 -0.76613197576210001      -0.64274477293460275        0.0000000000000000     
 -0.75799911422314314      -0.65231527315458981        0.0000000000000000     
 -0.74974669772713720      -0.66178288294935306        0.0000000000000000     
 -0.74137602776967138      -0.67114610895156535        0.0000000000000000     
 -0.73288842449858915      -0.68040347425367242        0.0000000000000000     
 -0.72428522650588867      -0.68955351864084014        0.0000000000000000     
 -0.71556779061671283      -0.69859479882127240        0.0000000000000000     
 -0.70673749167546507      -0.70752588865386312        0.0000000000000000     
 -0.69779572232908160      -0.71634537937314602        0.0000000000000000     
 -0.68874389280749670      -0.72505187981150776        0.0000000000000000     
 -0.67958343070133398      -0.73364401661862799        0.0000000000000000     
 -0.67031578073685916      -0.74212043447811238        0.0000000000000000     
 -0.66094240454823006      -0.75047979632128536        0.0000000000000000     
 -0.65146478044707901      -0.75872078353810679        0.0000000000000000     
 -0.64188440318946405      -0.76684209618518107        0.0000000000000000     
 -0.63220278374022665      -0.77484245319082523        0.0000000000000000     
 -0.62242144903479135      -0.78272059255716353        0.0000000000000000     
 -0.61254194173844589      -0.79047527155921660        0.0000000000000000     
 -0.60256582000313974      -0.79810526694095418        0.0000000000000000     
 -0.59249465722183858      -0.80560937510828046        0.0000000000000000     
 -0.58233004178047443      -0.81298641231892055        0.0000000000000000     
 -0.57207357680752913      -0.82023521486917961        0.0000000000000000     
 -0.56172687992129222      -0.82735463927754416        0.0000000000000000     
 -0.55129158297483150      -0.83434356246509678        0.0000000000000000     
 -0.54076933179871722      -0.84120088193271592        0.0000000000000000     
 -0.53016178594154029      -0.84792551593503274        0.0000000000000000     
 -0.51947061840826536      -0.85451640365111747        0.0000000000000000     
 -0.50869751539646002      -0.86097250535186798        0.0000000000000000     
 -0.49784417603044095      -0.86729280256407515        0.0000000000000000     
 -0.48691231209338015      -0.87347629823113759        0.0000000000000000     
 -0.47590364775741245      -0.87952201687040210        0.0000000000000000     
 -0.46481991931178712      -0.88542900472710351        0.0000000000000000     
 -0.45366287488910628      -0.89119632992488007        0.0000000000000000     
 -0.44243427418969339      -0.89682308261284116        0.0000000000000000     
 -0.43113588820413518      -0.90230837510916317        0.0000000000000000     
 -0.41976949893404059      -0.90765134204119158        0.0000000000000000     
 -0.40833689911106069      -0.91285114048202631        0.0000000000000000     
 -0.39683989191421415      -0.91790695008356993        0.0000000000000000     
 -0.38528029068556241      -0.92281797320601644        0.0000000000000000     
 -0.37365991864427950      -0.92758343504376084        0.0000000000000000     
 -0.36198060859916148      -0.93220258374770915        0.0000000000000000     
 -0.35024420265962086      -0.93667469054397035        0.0000000000000000     
 -0.33845255194521151      -0.94099904984891036        0.0000000000000000     
 -0.32660751629372986      -0.94517497938055084        0.0000000000000000     
 -0.31471096396793824      -0.94920182026629396        0.0000000000000000     
 -0.30276477136095659      -0.95307893714695768        0.0000000000000000     
 -0.29077082270036919      -0.95680571827710403        0.0000000000000000     
 -0.27873100975109266      -0.96038157562164383        0.0000000000000000     
 -0.26664723151705250      -0.96380594494870486        0.0000000000000000     
 -0.25452139394171458      -0.96707828591874601        0.0000000000000000     
 -0.24235540960751939      -0.97019808216990511        0.0000000000000000     
 -0.23015119743426601      -0.97316484139956649        0.0000000000000000     
 -0.21791068237649347      -0.97597809544213476        0.0000000000000000     
 -0.20563579511990715      -0.97863740034300362        0.0000000000000000     
 -0.19332847177689827      -0.98114233642870630        0.0000000000000000     
 -0.18099065358120400      -0.98349250837323809        0.0000000000000000     
 -0.16862428658175685      -0.98568754526053970        0.0000000000000000     
 -0.15623132133577119      -0.98772710064313129        0.0000000000000000     
 -0.14381371260111561      -0.98961085259688841        0.0000000000000000     
 -0.13137341902801922      -0.99133850377195076        0.0000000000000000     
 -0.11891240285016089      -0.99290978143975550        0.0000000000000000     
 -0.10643262957518992      -0.99432443753618827        0.0000000000000000     
  -9.3936067674726981E-002 -0.99558224870084422        0.0000000000000000     
  -8.1424688273894055E-002 -0.99668301631239364        0.0000000000000000     
  -6.8900464840422726E-002 -0.99762656652004555        0.0000000000000000     
  -5.6365372873389344E-002 -0.99841275027110454        0.0000000000000000     
  -4.3821389591626500E-002 -0.99904144333461797        0.0000000000000000     
  -3.1270493621859831E-002 -0.99951254632110620        0.0000000000000000     
  -1.8714664686619295E-002 -0.99982598469837680        0.0000000000000000     
  -6.1558832919742061E-003 -0.99998170880341675        0.0000000000000000     
   6.4038695848587521E-003 -0.99997969385036267        0.0000000000000000     
   1.8962612807985252E-002 -0.99981993993454710        0.0000000000000000     
   3.1518365395331531E-002 -0.99950247203262044        0.0000000000000000     
   4.4069146831121744E-002 -0.99902733999874715        0.0000000000000000     
   5.6612977378285217E-002 -0.99839461855687883        0.0000000000000000     
   6.9147878390744280E-002 -0.99760440728910382        0.0000000000000000     
   8.1671872625533409E-002 -0.99665683062007493        0.0000000000000000     
   9.4182984554700533E-002 -0.99555203779751889        0.0000000000000000     
  0.10667924067694111      -0.99429020286882963        0.0000000000000000     
  0.11915866982891599      -0.99287152465374895        0.0000000000000000     
  0.13161930349620385      -0.99129622671313944        0.0000000000000000     
  0.14405917612383912      -0.98956455731385362        0.0000000000000000     
  0.15647632542638648      -0.98767678938970527        0.0000000000000000     
  0.16886879269750293      -0.98563322049854962        0.0000000000000000     
  0.18123462311893854      -0.98343417277547773        0.0000000000000000     
  0.19357186606892718      -0.98107999288213299        0.0000000000000000     
  0.20587857542991869      -0.97857105195215865        0.0000000000000000     
  0.21815280989560362      -0.97590774553278303        0.0000000000000000     
  0.23039263327718218      -0.97309049352255284        0.0000000000000000     
  0.24259611480882934      -0.97011974010522439        0.0000000000000000     
  0.25476132945230739      -0.96699595367982194        0.0000000000000000     
  0.26688635820067835      -0.96371962678687528        0.0000000000000000     
  0.27896928838106788      -0.96029127603084807        0.0000000000000000     
  0.29100821395643300      -0.95671144199876790        0.0000000000000000     
  0.30300123582628624      -0.95298068917507195        0.0000000000000000     
  0.31494646212632854      -0.94909960585268194        0.0000000000000000     
  0.32684200852694328      -0.94506880404032090        0.0000000000000000     
  0.33868599853050496      -0.94088891936608710        0.0000000000000000     
  0.35047656376745512      -0.93656061097730092        0.0000000000000000     
  0.36221184429109876      -0.93208456143663954        0.0000000000000000     
  0.37388998887107500      -0.92746147661457534        0.0000000000000000     
  0.38550915528545515      -0.92269208557813609        0.0000000000000000     
  0.39706751061142281      -0.91777714047600434        0.0000000000000000     
  0.40856323151448914      -0.91271741641997239        0.0000000000000000     
  0.41999450453619835      -0.90751371136277403        0.0000000000000000     
  0.43135952638027786      -0.90216684597230967        0.0000000000000000     
  0.44265650419718733      -0.89667766350228695        0.0000000000000000     
  0.45388365586702273      -0.89104702965929528        0.0000000000000000     
  0.46503921028072959      -0.88527583246633657        0.0000000000000000     
  0.47612140761958166      -0.87936498212283309        0.0000000000000000     
  0.48712849963288068      -0.87331541086113429        0.0000000000000000     
  0.49805874991383364      -0.86712807279954573        0.0000000000000000     
  0.50891043417356330      -0.86080394379190217        0.0000000000000000     
  0.51968184051320920      -0.85434402127371034        0.0000000000000000     
  0.53037126969407633      -0.84774932410488357        0.0000000000000000     
  0.54097703540578790      -0.84102089240909450        0.0000000000000000     
  0.55149746453240123      -0.83415978740977048        0.0000000000000000     
  0.56193089741644298      -0.82716709126275767        0.0000000000000000     
  0.57227568812082341      -0.82004390688568052        0.0000000000000000     
  0.58253020468858807      -0.81279135778402245        0.0000000000000000     
  0.59269282940046486      -0.80541058787395692        0.0000000000000000     
  0.60276195903016672      -0.79790276130195459        0.0000000000000000     
  0.61273600509740989      -0.79026906226119742        0.0000000000000000     
  0.62261339411860628      -0.78251069480482627        0.0000000000000000     
  0.63239256785519227      -0.77462888265605301        0.0000000000000000     
  0.64207198355955231      -0.76662486901516702        0.0000000000000000     
  0.65165011421850150      -0.75849991636346514        0.0000000000000000     
  0.66112544879428525      -0.75025530626413794        0.0000000000000000     
  0.67049649246306109      -0.74189233916014208        0.0000000000000000     
  0.67976176685082246      -0.73341233416909113        0.0000000000000000     
  0.68891981026672855      -0.72481662887519793        0.0000000000000000     
  0.69796917793380309      -0.71610657911830033        0.0000000000000000     
  0.70690844221696492      -0.70728355878000360        0.0000000000000000     
  0.71573619284835577      -0.69834895956697385        0.0000000000000000     
  0.72445103714992753      -0.68930419079141680        0.0000000000000000     
  0.73305160025325600      -0.68015067914877525        0.0000000000000000     
  0.74153652531654446      -0.67088986849268162        0.0000000000000000     
  0.74990447373878422      -0.66152321960720040        0.0000000000000000     
  0.75815412537103744      -0.65205220997639701        0.0000000000000000     
  0.76628417872480903      -0.64247833355126838        0.0000000000000000     
  0.77429335117747466      -0.63280310051407329        0.0000000000000000     
  0.78218037917473238      -0.62302803704009857        0.0000000000000000     
  0.78994401843004602      -0.61315468505689985        0.0000000000000000     
  0.79758304412104852      -0.60318460200105350        0.0000000000000000     
  0.80509625108287464      -0.59311936057245918        0.0000000000000000     
  0.81248245399839114      -0.58296054848623180        0.0000000000000000     
  0.81974048758529661      -0.57270976822222130        0.0000000000000000     
  0.82686920678005904      -0.56236863677220039        0.0000000000000000     
  0.83386748691866364      -0.55193878538475982        0.0000000000000000     
  0.84073422391414121      -0.54142185930795195        0.0000000000000000     
  0.84746833443085012      -0.53081951752972234        0.0000000000000000     
  0.85406875605548305      -0.52013343251617150        0.0000000000000000     
  0.86053444746477237      -0.50936528994768704        0.0000000000000000     
  0.86686438858986758      -0.49851678845298891        0.0000000000000000     
  0.87305758077735840      -0.48758963934112820        0.0000000000000000     
  0.87911304694691794      -0.47658556633148386        0.0000000000000000     
  0.88502983174554140      -0.46550630528179815        0.0000000000000000     
  0.89080700169835625      -0.45435360391429486        0.0000000000000000     
  0.89644364535597876      -0.44312922153992296        0.0000000000000000     
  0.90193887343839485      -0.43183492878076979        0.0000000000000000     
  0.90729181897534195      -0.42047250729068675        0.0000000000000000     
  0.91250163744316981      -0.40904374947417282        0.0000000000000000     
  0.91756750689815803      -0.39755045820355889        0.0000000000000000     
  0.92248862810627008      -0.38599444653453902        0.0000000000000000     
  0.92726422466932290      -0.37437753742009228        0.0000000000000000     
  0.93189354314755202      -0.36270156342284138        0.0000000000000000     
  0.93637585317855254      -0.35096836642589269        0.0000000000000000     
  0.94071044759257827      -0.33917979734220388        0.0000000000000000     
  0.94489664252417893      -0.32733771582252491        0.0000000000000000     
  0.94893377752016006      -0.31544398996195833        0.0000000000000000     
  0.95282121564384603      -0.30350049600518569        0.0000000000000000     
  0.95655834357563219      -0.29150911805040602        0.0000000000000000     
  0.96014457170980783      -0.27947174775203376        0.0000000000000000     
  0.96357933424763664      -0.26739028402220244        0.0000000000000000     
  0.96686208928667883      -0.25526663273112221        0.0000000000000000     
  0.96999231890634041      -0.24310270640633722        0.0000000000000000     
  0.97296952924963798      -0.23090042393093188        0.0000000000000000     
  0.97579325060116351      -0.21866171024073247        0.0000000000000000     
  0.97846303746123897      -0.20638849602055245        0.0000000000000000     
  0.98097846861624771      -0.19408271739952956        0.0000000000000000     
  0.98333914720513227      -0.18174631564560251        0.0000000000000000     
  0.98554470078204737      -0.16938123685917580        0.0000000000000000     
  0.98759478137515877      -0.15698943166602097        0.0000000000000000     
  0.98948906554157856      -0.14457285490946284        0.0000000000000000     
  0.99122725441842774      -0.13213346534189918        0.0000000000000000     
  0.99280907377001892      -0.11967322531570289        0.0000000000000000     
  0.99423427403115039      -0.10719410047355532        0.0000000000000000     
  0.99550263034650632       -9.4698059438259624E-002   0.0000000000000000     
  0.99661394260615521       -8.2187073502083235E-002   0.0000000000000000     
  0.99756803547714168       -6.9663116315678592E-002   0.0000000000000000     
  0.99836475843116768       -5.7128163576631169E-002   0.0000000000000000     
  0.99900398576835636       -4.4584192717684080E-002   0.0000000000000000     
  0.99948561663709712       -3.2033182594688521E-002   0.0000000000000000     
  0.99980957504996748       -1.9477113174329323E-002   0.0000000000000000     
  0.99997580989572921       -6.9179652216749916E-003   0.0000000000000000     
