   2.3663041581115748E-010   0.0000000000000000        0.0000000000000000     
   9.4648432974981910E-010   5.9441561925109969E-012   0.0000000000000000     
   2.1294497472255691E-009   2.3775686747657803E-011   0.0000000000000000     
   3.7853400302335081E-009   5.9435933939012331E-011   0.0000000000000000     
   5.9138939268196730E-009   1.1886342656584212E-010   0.0000000000000000     
   8.5147756123261029E-009   2.0799294281992311E-010   0.0000000000000000     
   1.1587574742409007E-008   3.3275457374499467E-010   0.0000000000000000     
   1.5131806517821658E-008   4.9907278743684101E-010   0.0000000000000000     
   1.9146911760951749E-008   7.1286549413186550E-010   0.0000000000000000     
   2.3632257004101101E-008   9.8004311233188300E-010   0.0000000000000000     
   2.8587134589493737E-008   1.3065076361126911E-009   0.0000000000000000     
   3.4010762780996515E-008   1.6981517037637929E-009   0.0000000000000000     
   3.9902285887534606E-008   2.1608576679064324E-009   0.0000000000000000     
   4.6260774398182328E-008   2.7004966672368695E-009   0.0000000000000000     
   5.3085225128907904E-008   3.3229277000415620E-009   0.0000000000000000     
   6.0374561380948931E-008   4.0339966996306412E-009   0.0000000000000000     
   6.8127633110793542E-008   4.8395356118357682E-009   0.0000000000000000     
   7.6343217111740246E-008   5.7453614747181144E-009   0.0000000000000000     
   8.5020017207007836E-008   6.7572755006318848E-009   0.0000000000000000     
   9.4156664454364725E-008   7.8810621607883960E-009   0.0000000000000000     
   1.0375171736224532E-007   9.1224882724653584E-009   0.0000000000000000     
   1.1380366211731926E-007   1.0487302089005557E-008   0.0000000000000000     
   1.2431091282347752E-007   1.1981232392748719E-008   0.0000000000000000     
   1.3527181175219747E-007   1.3609987591039854E-008   0.0000000000000000     
   1.4668462960424731E-007   1.5379254815456892E-008   0.0000000000000000     
   1.5854756578268855E-007   1.7294699024399923E-008   0.0000000000000000     
   1.7085874867713317E-007   1.9361962109183787E-008   0.0000000000000000     
   1.8361623595921063E-007   2.1586662003775280E-008   0.0000000000000000     
   1.9681801488919778E-007   2.3974391798315535E-008   0.0000000000000000     
   2.1046200263376332E-007   2.6530718856567687E-008   0.0000000000000000     
   2.2454604659477649E-007   2.9261183937429179E-008   0.0000000000000000     
   2.3906792474912787E-007   3.2171300320647499E-008   0.0000000000000000     
   2.5402534599950852E-007   3.5266552936877431E-008   0.0000000000000000     
   2.6941595053609225E-007   3.8552397502217254E-008   0.0000000000000000     
   2.8523731020906310E-007   4.2034259657360563E-008   0.0000000000000000     
   3.0148692891192997E-007   4.5717534111499668E-008   0.0000000000000000     
   3.1816224297556688E-007   4.9607583791115835E-008   0.0000000000000000     
   3.3526062157291728E-007   5.3709738993790701E-008   0.0000000000000000     
   3.5277936713429765E-007   5.8029296547172648E-008   0.0000000000000000     
   3.7071571577323535E-007   6.2571518973230796E-008   0.0000000000000000     
   3.8906683772277289E-007   6.7341633657928726E-008   0.0000000000000000     
   4.0782983778216961E-007   7.2344832026448951E-008   0.0000000000000000     
   4.2700175577393042E-007   7.7586268724098460E-008   0.0000000000000000     
   4.4657956701108881E-007   8.3071060803024645E-008   0.0000000000000000     
   4.6656018277467081E-007   8.8804286914869947E-008   0.0000000000000000     
   4.8694045080126356E-007   9.4790986509492813E-008   0.0000000000000000     
   5.0771715578061212E-007   1.0103615903988143E-007   0.0000000000000000     
   5.2888701986316570E-007   1.0754476317338574E-007   0.0000000000000000     
   5.5044670317749190E-007   1.1432171600939226E-007   0.0000000000000000     
   5.7239280435747920E-007   1.2137189230356524E-007   0.0000000000000000     
   5.9472186107924205E-007   1.2870012369877664E-007   0.0000000000000000     
   6.1743035060764533E-007   1.3631119796284626E-007   0.0000000000000000     
   6.4051469035236081E-007   1.4420985823321232E-007   0.0000000000000000     
   6.6397123843336818E-007   1.5240080226865192E-007   0.0000000000000000     
   6.8779629425581042E-007   1.6088868170816916E-007   0.0000000000000000     
   7.1198609909411340E-007   1.6967810133716818E-007   0.0000000000000000     
   7.3653683668527757E-007   1.7877361836102670E-007   0.0000000000000000     
   7.6144463383124620E-007   1.8817974168618493E-007   0.0000000000000000     
   7.8670556101025722E-007   1.9790093120886298E-007   0.0000000000000000     
   8.1231563299707996E-007   2.0794159711151932E-007   0.0000000000000000     
   8.3827080949203972E-007   2.1830609916716120E-007   0.0000000000000000     
   8.6456699575873122E-007   2.2899874605161660E-007   0.0000000000000000     
   8.9120004327031816E-007   2.4002379466387652E-007   0.0000000000000000     
   9.1816575036431926E-007   2.5138544945461459E-007   0.0000000000000000     
   9.4545986290577466E-007   2.6308786176299000E-007   0.0000000000000000     
   9.7307807495868960E-007   2.7513512916183838E-007   0.0000000000000000     
   1.0010160294656490E-006   2.8753129481135403E-007   0.0000000000000000     
   1.0292693189354944E-006   3.0028034682136517E-007   0.0000000000000000     
   1.0578334861389557E-006   3.1338621762230289E-007   0.0000000000000000     
   1.0867040248121277E-006   3.2685278334496309E-007   0.0000000000000000     
   1.1158763803676782E-006   3.4068386320915921E-007   0.0000000000000000     
   1.1453459506136791E-006   3.5488321892136198E-007   0.0000000000000000     
   1.1751080864799423E-006   3.6945455408142122E-007   0.0000000000000000     
   1.2051580927517497E-006   3.8440151359846341E-007   0.0000000000000000     
   1.2354912288108587E-006   3.9972768311605702E-007   0.0000000000000000     
   1.2661027093836661E-006   4.1543658844673574E-007   0.0000000000000000     
   1.2969877052964145E-006   4.3153169501596954E-007   0.0000000000000000     
   1.3281413442373184E-006   4.4801640731567070E-007   0.0000000000000000     
   1.3595587115254930E-006   4.6489406836732099E-007   0.0000000000000000     
   1.3912348508865613E-006   4.8216795919480449E-007   0.0000000000000000     
   1.4231647652348191E-006   4.9984129830702949E-007   0.0000000000000000     
   1.4553434174618315E-006   5.1791724119042054E-007   0.0000000000000000     
   1.4877657312313409E-006   5.3639887981136092E-007   0.0000000000000000     
   1.5204265917803550E-006   5.5528924212866382E-007   0.0000000000000000     
   1.5533208467262946E-006   5.7459129161614853E-007   0.0000000000000000     
   1.5864433068800663E-006   5.9430792679539806E-007   0.0000000000000000     
   1.6197887470649398E-006   6.1444198077876995E-007   0.0000000000000000     
   1.6533519069410934E-006   6.3499622082273401E-007   0.0000000000000000     
   1.6871274918357009E-006   6.5597334789160650E-007   0.0000000000000000     
   1.7211101735784294E-006   6.7737599623174867E-007   0.0000000000000000     
   1.7552945913422129E-006   6.9920673295629837E-007   0.0000000000000000     
   1.7896753524891718E-006   7.2146805764049863E-007   0.0000000000000000     
   1.8242470334215442E-006   7.4416240192768752E-007   0.0000000000000000     
   1.8590041804374921E-006   7.6729212914601088E-007   0.0000000000000000     
   1.8939413105916503E-006   7.9085953393591908E-007   0.0000000000000000     
   1.9290529125602815E-006   8.1486684188850539E-007   0.0000000000000000     
   1.9643334475108996E-006   8.3931620919474292E-007   0.0000000000000000     
   1.9997773499762243E-006   8.6420972230567622E-007   0.0000000000000000     
   2.0353790287323300E-006   8.8954939760361998E-007   0.0000000000000000     
   2.0711328676808500E-006   9.1533718108441661E-007   0.0000000000000000     
   2.1070332267350954E-006   9.4157494805080343E-007   0.0000000000000000     
   2.1430744427099488E-006   9.6826450281693627E-007   0.0000000000000000     
   2.1792508302153973E-006   9.9540757842411701E-007   0.0000000000000000     
   2.2155566825535532E-006   1.0230058363677700E-006   0.0000000000000000     
   2.2519862726190328E-006   1.0510608663357081E-006   0.0000000000000000     
   2.2885338538025430E-006   1.0795741859577317E-006   0.0000000000000000     
   2.3251936608975344E-006   1.1085472405665999E-006   0.0000000000000000     
   2.3619599110097815E-006   1.1379814029704088E-006   0.0000000000000000     
   2.3988268044697416E-006   1.1678779732364153E-006   0.0000000000000000     
   2.4357885257475521E-006   1.1982381784863401E-006   0.0000000000000000     
   2.4728392443705188E-006   1.2290631727031797E-006   0.0000000000000000     
   2.5099731158429520E-006   1.2603540365495598E-006   0.0000000000000000     
   2.5471842825682065E-006   1.2921117771976582E-006   0.0000000000000000     
   2.5844668747727768E-006   1.3243373281707227E-006   0.0000000000000000     
   2.6218150114323027E-006   1.3570315491962100E-006   0.0000000000000000     
   2.6592228011993428E-006   1.3901952260705668E-006   0.0000000000000000     
   2.6966843433327633E-006   1.4238290705356785E-006   0.0000000000000000     
   2.7341937286285998E-006   1.4579337201669972E-006   0.0000000000000000     
   2.7717450403522441E-006   1.4925097382733740E-006   0.0000000000000000     
   2.8093323551718084E-006   1.5275576138086072E-006   0.0000000000000000     
   2.8469497440925208E-006   1.5630777612947203E-006   0.0000000000000000     
   2.8845912733920016E-006   1.5990705207569826E-006   0.0000000000000000     
   2.9222510055562787E-006   1.6355361576706818E-006   0.0000000000000000     
   2.9599230002163875E-006   1.6724748629196569E-006   0.0000000000000000     
   2.9976013150854136E-006   1.7098867527665988E-006   0.0000000000000000     
   3.0352800068958247E-006   1.7477718688351195E-006   0.0000000000000000     
   3.0729531323369496E-006   1.7861301781035973E-006   0.0000000000000000     
   3.1106147489924525E-006   1.8249615729107957E-006   0.0000000000000000     
   3.1482589162776566E-006   1.8642658709732539E-006   0.0000000000000000     
   3.1858796963765674E-006   1.9040428154144501E-006   0.0000000000000000     
   3.2234711551784493E-006   1.9442920748057282E-006   0.0000000000000000     
   3.2610273632138085E-006   1.9850132432189833E-006   0.0000000000000000     
   3.2985423965896331E-006   2.0262058402910983E-006   0.0000000000000000     
   3.3360103379237428E-006   2.0678693113001193E-006   0.0000000000000000     
   3.3734252772781015E-006   2.1100030272531572E-006   0.0000000000000000     
   3.4107813130909467E-006   2.1526062849860055E-006   0.0000000000000000     
   3.4480725531075862E-006   2.1956783072744524E-006   0.0000000000000000     
   3.4852931153097189E-006   2.2392182429572738E-006   0.0000000000000000     
   3.5224371288431281E-006   2.2832251670708873E-006   0.0000000000000000     
   3.5594987349436051E-006   2.3276980809956402E-006   0.0000000000000000     
   3.5964720878609580E-006   2.3726359126137179E-006   0.0000000000000000     
   3.6333513557809555E-006   2.4180375164786385E-006   0.0000000000000000     
   3.6701307217450635E-006   2.4639016739963109E-006   0.0000000000000000     
   3.7068043845678302E-006   2.5102270936176285E-006   0.0000000000000000     
   3.7433665597517709E-006   2.5570124110425643E-006   0.0000000000000000     
   3.7798114803996169E-006   2.6042561894357383E-006   0.0000000000000000     
   3.8161333981237710E-006   2.6519569196534223E-006   0.0000000000000000     
   3.8523265839528417E-006   2.7001130204819423E-006   0.0000000000000000     
   3.8883853292351011E-006   2.7487228388874475E-006   0.0000000000000000     
   3.9243039465387328E-006   2.7977846502770015E-006   0.0000000000000000     
   3.9600767705487179E-006   2.8472966587709539E-006   0.0000000000000000     
   3.9956981589602321E-006   2.8972569974865513E-006   0.0000000000000000     
   4.0311624933683973E-006   2.9476637288327442E-006   0.0000000000000000     
   4.0664641801542608E-006   2.9985148448161377E-006   0.0000000000000000     
   4.1015976513668524E-006   3.0498082673580434E-006   0.0000000000000000     
   4.1365573656011881E-006   3.1015418486225773E-006   0.0000000000000000     
   4.1713378088720764E-006   3.1537133713557571E-006   0.0000000000000000     
   4.2059334954835947E-006   3.2063205492355391E-006   0.0000000000000000     
   4.2403389688940930E-006   3.2593610272327446E-006   0.0000000000000000     
   4.2745488025765949E-006   3.3128323819828160E-006   0.0000000000000000     
   4.3085576008744549E-006   3.3667321221683437E-006   0.0000000000000000     
   4.3423599998521401E-006   3.4210576889123057E-006   0.0000000000000000     
   4.3759506681410008E-006   3.4758064561819528E-006   0.0000000000000000     
   4.4093243077799001E-006   3.5309757312032815E-006   0.0000000000000000     
   4.4424756550505684E-006   3.5865627548860256E-006   0.0000000000000000     
   4.4753994813075446E-006   3.6425647022590991E-006   0.0000000000000000     
   4.5080905938025851E-006   3.6989786829164223E-006   0.0000000000000000     
   4.5405438365034037E-006   3.7558017414730624E-006   0.0000000000000000     
   4.5727540909066139E-006   3.8130308580316131E-006   0.0000000000000000     
   4.6047162768447463E-006   3.8706629486587417E-006   0.0000000000000000     
   4.6364253532872155E-006   3.9286948658718278E-006   0.0000000000000000     
   4.6678763191351060E-006   3.9871233991356186E-006   0.0000000000000000     
   4.6990642140096592E-006   4.0459452753688182E-006   0.0000000000000000     
   4.7299841190343312E-006   4.1051571594605337E-006   0.0000000000000000     
   4.7606311576102991E-006   4.1647556547964970E-006   0.0000000000000000     
   4.7910004961852949E-006   4.2247373037949801E-006   0.0000000000000000     
   4.8210873450156477E-006   4.2850985884523116E-006   0.0000000000000000     
   4.8508869589214142E-006   4.3458359308979223E-006   0.0000000000000000     
   4.8803946380344701E-006   4.4069456939588165E-006   0.0000000000000000     
   4.9096057285394592E-006   4.4684241817333940E-006   0.0000000000000000     
   4.9385156234074693E-006   4.5302676401745193E-006   0.0000000000000000     
   4.9671197631223311E-006   4.5924722576817592E-006   0.0000000000000000     
   4.9954136363994188E-006   4.6550341657026829E-006   0.0000000000000000     
   5.0233927808968399E-006   4.7179494393431395E-006   0.0000000000000000     
   5.0510527839189038E-006   4.7812140979864078E-006   0.0000000000000000     
   5.0783892831117598E-006   4.8448241059211325E-006   0.0000000000000000     
   5.1053979671510923E-006   4.9087753729779321E-006   0.0000000000000000     
   5.1320745764217661E-006   4.9730637551745936E-006   0.0000000000000000     
   5.1584149036893162E-006   5.0376850553697423E-006   0.0000000000000000     
   5.1844147947631707E-006   5.1026350239248852E-006   0.0000000000000000     
   5.2100701491515125E-006   5.1679093593747272E-006   0.0000000000000000     
   5.2353769207076689E-006   5.2335037091056510E-006   0.0000000000000000     
   5.2603311182679274E-006   5.2994136700422545E-006   0.0000000000000000     
   5.2849288062806818E-006   5.3656347893418369E-006   0.0000000000000000     
   5.3091661054268090E-006   5.4321625650967268E-006   0.0000000000000000     
   5.3330391932311729E-006   5.4989924470443384E-006   0.0000000000000000     
   5.3565443046651657E-006   5.5661198372848451E-006   0.0000000000000000     
   5.3796777327401938E-006   5.6335400910063563E-006   0.0000000000000000     
   5.4024358290920009E-006   5.7012485172174836E-006   0.0000000000000000     
   5.4248150045557569E-006   5.7692403794871827E-006   0.0000000000000000     
   5.4468117297318040E-006   5.8375108966917525E-006   0.0000000000000000     
   5.4684225355419835E-006   5.9060552437688734E-006   0.0000000000000000     
   5.4896440137764491E-006   5.9748685524785690E-006   0.0000000000000000     
   5.5104728176308786E-006   6.0439459121709613E-006   0.0000000000000000     
   5.5309056622340101E-006   6.1132823705607178E-006   0.0000000000000000     
   5.5509393251654093E-006   6.1828729345080436E-006   0.0000000000000000     
   5.5705706469633908E-006   6.2527125708061203E-006   0.0000000000000000     
   5.5897965316230085E-006   6.3227962069748458E-006   0.0000000000000000     
   5.6086139470840509E-006   6.3931187320607657E-006   0.0000000000000000     
   5.6270199257089461E-006   6.4636749974430638E-006   0.0000000000000000     
   5.6450115647505120E-006   6.5344598176454799E-006   0.0000000000000000     
   5.6625860268094811E-006   6.6054679711540394E-006   0.0000000000000000     
   5.6797405402817140E-006   6.6766942012404561E-006   0.0000000000000000     
   5.6964723997950488E-006   6.7481332167910780E-006   0.0000000000000000     
   5.7127789666357057E-006   6.8197796931412515E-006   0.0000000000000000     
   5.7286576691641808E-006   6.8916282729149687E-006   0.0000000000000000     
   5.7441060032205712E-006   6.9636735668696673E-006   0.0000000000000000     
   5.7591215325192594E-006   7.0359101547460497E-006   0.0000000000000000     
   5.7737018890328969E-006   7.1083325861227821E-006   0.0000000000000000     
   5.7878447733656340E-006   7.1809353812759494E-006   0.0000000000000000     
   5.8015479551155224E-006   7.2537130320431237E-006   0.0000000000000000     
   5.8148092732260492E-006   7.3266600026919057E-006   0.0000000000000000     
   5.8276266363267374E-006   7.3997707307928171E-006   0.0000000000000000     
   5.8399980230627619E-006   7.4730396280963886E-006   0.0000000000000000     
   5.8519214824135270E-006   7.5464610814143205E-006   0.0000000000000000     
   5.8633951340001651E-006   7.6200294535045647E-006   0.0000000000000000     
   5.8744171683818904E-006   7.6937390839602018E-006   0.0000000000000000     
   5.8849858473411811E-006   7.7675842901019569E-006   0.0000000000000000     
   5.8950995041577290E-006   7.8415593678742347E-006   0.0000000000000000     
   5.9047565438711211E-006   7.9156585927445047E-006   0.0000000000000000     
   5.9139554435322144E-006   7.9898762206059285E-006   0.0000000000000000     
   5.9226947524431571E-006   8.0642064886830563E-006   0.0000000000000000     
   5.9309730923860199E-006   8.1386436164404700E-006   0.0000000000000000     
   5.9387891578400121E-006   8.2131818064942190E-006   0.0000000000000000     
   5.9461417161872322E-006   8.2878152455259149E-006   0.0000000000000000     
   5.9530296079069291E-006   8.3625381051993259E-006   0.0000000000000000     
   5.9594517467582482E-006   8.4373445430793450E-006   0.0000000000000000     
   5.9654071199514211E-006   8.5122287035531719E-006   0.0000000000000000     
   5.9708947883073840E-006   8.5871847187535793E-006   0.0000000000000000     
   5.9759138864057936E-006   8.6622067094840966E-006   0.0000000000000000     
   5.9804636227214156E-006   8.7372887861459835E-006   0.0000000000000000     
   5.9845432797488703E-006   8.8124250496668430E-006   0.0000000000000000     
   5.9881522141157117E-006   8.8876095924307259E-006   0.0000000000000000     
   5.9912898566838226E-006   8.9628364992095775E-006   0.0000000000000000     
   5.9939557126391118E-006   9.0380998480958852E-006   0.0000000000000000     
   5.9961493615694923E-006   9.1133937114363749E-006   0.0000000000000000     
   5.9978704575311444E-006   9.1887121567666184E-006   0.0000000000000000     
   5.9991187291030309E-006   9.2640492477463938E-006   0.0000000000000000     
   5.9998939794296755E-006   9.3393990450956543E-006   0.0000000000000000     
   6.0001960862521864E-006   9.4147556075309648E-006   0.0000000000000000     
   6.0000250019275245E-006   9.4901129927022535E-006   0.0000000000000000     
   5.9993807534360098E-006   9.5654652581297275E-006   0.0000000000000000     
   5.9982634423770728E-006   9.6408064621408074E-006   0.0000000000000000     
   5.9966732449532412E-006   9.7161306648069449E-006   0.0000000000000000     
   5.9946104119423698E-006   9.7914319288801559E-006   0.0000000000000000     
   5.9920752686581195E-006   9.8667043207291348E-006   0.0000000000000000     
   5.9890682148986859E-006   9.9419419112748018E-006   0.0000000000000000     
   5.9855897248837945E-006   1.0017138776925126E-005   0.0000000000000000     
   5.9816403471799636E-006   1.0092289000509097E-005   0.0000000000000000     
   5.9772207046140462E-006   1.0167386672209670E-005   0.0000000000000000     
   5.9723314941750797E-006   1.0242425890495569E-005   0.0000000000000000     
   5.9669734869044351E-006   1.0317400763051767E-005   0.0000000000000000     
   5.9611475277743022E-006   1.0392305407708537E-005   0.0000000000000000     
   5.9548545355545231E-006   1.0467133953368883E-005   0.0000000000000000     
   5.9480955026677938E-006   1.0541880540934246E-005   0.0000000000000000     
   5.9408714950332560E-006   1.0616539324228309E-005   0.0000000000000000     
   5.9331836518985049E-006   1.0691104470918769E-005   0.0000000000000000     
   5.9250331856600492E-006   1.0765570163436935E-005   0.0000000000000000     
   5.9164213816722284E-006   1.0839930599894998E-005   0.0000000000000000     
   5.9073495980446419E-006   1.0914179995000827E-005   0.0000000000000000     
   5.8978192654281044E-006   1.0988312580970155E-005   0.0000000000000000     
   5.8878318867891751E-006   1.1062322608436017E-005   0.0000000000000000     
   5.8773890371732815E-006   1.1136204347355268E-005   0.0000000000000000     
   5.8664923634564898E-006   1.1209952087912081E-005   0.0000000000000000     
   5.8551435840859465E-006   1.1283560141418238E-005   0.0000000000000000     
   5.8433444888090453E-006   1.1357022841210112E-005   0.0000000000000000     
   5.8310969383913517E-006   1.1430334543542175E-005   0.0000000000000000     
   5.8184028643233382E-006   1.1503489628476884E-005   0.0000000000000000     
   5.8052642685159647E-006   1.1576482500770839E-005   0.0000000000000000     
   5.7916832229851682E-006   1.1649307590757044E-005   0.0000000000000000     
   5.7776618695252953E-006   1.1721959355223124E-005   0.0000000000000000     
   5.7632024193715380E-006   1.1794432278285408E-005   0.0000000000000000     
   5.7483071528514225E-006   1.1866720872258682E-005   0.0000000000000000     
   5.7329784190254090E-006   1.1938819678521509E-005   0.0000000000000000     
   5.7172186353166574E-006   1.2010723268376976E-005   0.0000000000000000     
   5.7010302871300115E-006   1.2082426243908727E-005   0.0000000000000000     
   5.6844159274602752E-006   1.2153923238832141E-005   0.0000000000000000     
   5.6673781764898245E-006   1.2225208919340540E-005   0.0000000000000000     
   5.6499197211756371E-006   1.2296277984946272E-005   0.0000000000000000     
   5.6320433148257883E-006   1.2367125169316556E-005   0.0000000000000000     
   5.6137517766654874E-006   1.2437745241103938E-005   0.0000000000000000     
   5.5950479913927301E-006   1.2508133004771245E-005   0.0000000000000000     
   5.5759349087236180E-006   1.2578283301410895E-005   0.0000000000000000     
   5.5564155429274356E-006   1.2648191009558439E-005   0.0000000000000000     
   5.5364929723515447E-006   1.2717851046000203E-005   0.0000000000000000     
   5.5161703389361827E-006   1.2787258366574915E-005   0.0000000000000000     
   5.4954508477192286E-006   1.2856407966969167E-005   0.0000000000000000     
   5.4743377663310216E-006   1.2925294883506616E-005   0.0000000000000000     
   5.4528344244793140E-006   1.2993914193930766E-005   0.0000000000000000     
   5.4309442134244314E-006   1.3062261018181249E-005   0.0000000000000000     
   5.4086705854447337E-006   1.3130330519163436E-005   0.0000000000000000     
   5.3860170532924497E-006   1.3198117903511303E-005   0.0000000000000000     
   5.3629871896399751E-006   1.3265618422343389E-005   0.0000000000000000     
   5.3395846265167270E-006   1.3332827372011760E-005   0.0000000000000000     
   5.3158130547366350E-006   1.3399740094843844E-005   0.0000000000000000     
   5.2916762233163638E-006   1.3466351979877020E-005   0.0000000000000000     
   5.2671779388843528E-006   1.3532658463585865E-005   0.0000000000000000     
   5.2423220650807778E-006   1.3598655030601900E-005   0.0000000000000000     
   5.2171125219485147E-006   1.3664337214425778E-005   0.0000000000000000     
   5.1915532853152125E-006   1.3729700598131758E-005   0.0000000000000000     
   5.1656483861665666E-006   1.3794740815064378E-005   0.0000000000000000     
   5.1394019100108901E-006   1.3859453549527200E-005   0.0000000000000000     
   5.1128179962350907E-006   1.3923834537463532E-005   0.0000000000000000     
   5.0859008374521431E-006   1.3987879567129022E-005   0.0000000000000000     
   5.0586546788401725E-006   1.4051584479755994E-005   0.0000000000000000     
   5.0310838174732416E-006   1.4114945170209454E-005   0.0000000000000000     
   5.0031926016439538E-006   1.4177957587634634E-005   0.0000000000000000     
   4.9749854301779774E-006   1.4240617736095999E-005   0.0000000000000000     
   4.9464667517405924E-006   1.4302921675207583E-005   0.0000000000000000     
   4.9176410641353847E-006   1.4364865520754587E-005   0.0000000000000000     
   4.8885129135951766E-006   1.4426445445306121E-005   0.0000000000000000     
   4.8590868940653256E-006   1.4487657678819008E-005   0.0000000000000000     
   4.8293676464794923E-006   1.4548498509232526E-005   0.0000000000000000     
   4.7993598580279911E-006   1.4608964283054037E-005   0.0000000000000000     
   4.7690682614188482E-006   1.4669051405935372E-005   0.0000000000000000     
   4.7384976341316714E-006   1.4728756343239910E-005   0.0000000000000000     
   4.7076527976644597E-006   1.4788075620600227E-005   0.0000000000000000     
   4.6765386167734626E-006   1.4847005824466272E-005   0.0000000000000000     
   4.6451599987062137E-006   1.4905543602643949E-005   0.0000000000000000     
   4.6135218924278611E-006   1.4963685664824025E-005   0.0000000000000000     
   4.5816292878409084E-006   1.5021428783101296E-005   0.0000000000000000     
   4.5494872149985009E-006   1.5078769792483913E-005   0.0000000000000000     
   4.5171007433113644E-006   1.5135705591392793E-005   0.0000000000000000     
   4.4844749807485436E-006   1.5192233142151046E-005   0.0000000000000000     
   4.4516150730320431E-006   1.5248349471463314E-005   0.0000000000000000     
   4.4185262028255125E-006   1.5304051670884986E-005   0.0000000000000000     
   4.3852135889171026E-006   1.5359336897281167E-005   0.0000000000000000     
   4.3516824853966122E-006   1.5414202373275383E-005   0.0000000000000000     
   4.3179381808270614E-006   1.5468645387687891E-005   0.0000000000000000     
   4.2839859974108261E-006   1.5522663295963583E-005   0.0000000000000000     
   4.2498312901504578E-006   1.5576253520589373E-005   0.0000000000000000     
   4.2154794460043198E-006   1.5629413551501016E-005   0.0000000000000000     
   4.1809358830371796E-006   1.5682140946479307E-005   0.0000000000000000     
   4.1462060495658896E-006   1.5734433331535587E-005   0.0000000000000000     
   4.1112954233002858E-006   1.5786288401286472E-005   0.0000000000000000     
   4.0762095104794427E-006   1.5837703919317801E-005   0.0000000000000000     
   4.0409538450034255E-006   1.5888677718537679E-005   0.0000000000000000     
   4.0055339875606661E-006   1.5939207701518617E-005   0.0000000000000000     
   3.9699555247511074E-006   1.5989291840828680E-005   0.0000000000000000     
   3.9342240682052573E-006   1.6038928179351596E-005   0.0000000000000000     
   3.8983452536992775E-006   1.6088114830595803E-005   0.0000000000000000     
   3.8623247402662646E-006   1.6136849978992327E-005   0.0000000000000000     
   3.8261682093038511E-006   1.6185131880181504E-005   0.0000000000000000     
   3.7898813636782648E-006   1.6232958861288471E-005   0.0000000000000000     
   3.7534699268250026E-006   1.6280329321187389E-005   0.0000000000000000     
   3.7169396418462440E-006   1.6327241730754342E-005   0.0000000000000000     
   3.6802962706051580E-006   1.6373694633108890E-005   0.0000000000000000     
   3.6435455928172379E-006   1.6419686643844244E-005   0.0000000000000000     
   3.6066934051388137E-006   1.6465216451245998E-005   0.0000000000000000     
   3.5697455202528824E-006   1.6510282816499403E-005   0.0000000000000000     
   3.5327077659523998E-006   1.6554884573885146E-005   0.0000000000000000     
   3.4955859842211823E-006   1.6599020630963614E-005   0.0000000000000000     
   3.4583860303125570E-006   1.6642689968747586E-005   0.0000000000000000     
   3.4211137718259116E-006   1.6685891641863350E-005   0.0000000000000000     
   3.3837750877812863E-006   1.6728624778700224E-005   0.0000000000000000     
   3.3463758676921552E-006   1.6770888581548420E-005   0.0000000000000000     
   3.3089220106365412E-006   1.6812682326725273E-005   0.0000000000000000     
   3.2714194243266141E-006   1.6854005364689787E-005   0.0000000000000000     
   3.2338740241769146E-006   1.6894857120145500E-005   0.0000000000000000     
   3.1962917323713544E-006   1.6935237092131623E-005   0.0000000000000000     
   3.1586784769291390E-006   1.6975144854102467E-005   0.0000000000000000     
   3.1210401907697596E-006   1.7014580053995128E-005   0.0000000000000000     
   3.0833828107772007E-006   1.7053542414285441E-005   0.0000000000000000     
   3.0457122768635128E-006   1.7092031732032141E-005   0.0000000000000000     
   3.0080345310318978E-006   1.7130047878909300E-005   0.0000000000000000     
   2.9703555164394542E-006   1.7167590801226972E-005   0.0000000000000000     
   2.9326811764597286E-006   1.7204660519940077E-005   0.0000000000000000     
   2.8950174537452246E-006   1.7241257130645497E-005   0.0000000000000000     
   2.8573702892900136E-006   1.7277380803567418E-005   0.0000000000000000     
   2.8197456214925984E-006   1.7313031783530874E-005   0.0000000000000000     
   2.7821493852191739E-006   1.7348210389923548E-005   0.0000000000000000     
   2.7445875108674377E-006   1.7382917016645802E-005   0.0000000000000000     
   2.7070659234310915E-006   1.7417152132048945E-005   0.0000000000000000     
   2.6695905415651888E-006   1.7450916278861755E-005   0.0000000000000000     
   2.6321672766524689E-006   1.7484210074105295E-005   0.0000000000000000     
   2.5948020318708307E-006   1.7517034208995962E-005   0.0000000000000000     
   2.5575007012620876E-006   1.7549389448836875E-005   0.0000000000000000     
   2.5202691688021565E-006   1.7581276632897541E-005   0.0000000000000000     
   2.4831133074728224E-006   1.7612696674281879E-005   0.0000000000000000     
   2.4460389783352291E-006   1.7643650559784564E-005   0.0000000000000000     
   2.4090520296052388E-006   1.7674139349735775E-005   0.0000000000000000     
   2.3721582957308106E-006   1.7704164177834317E-005   0.0000000000000000     
   2.3353635964715371E-006   1.7733726250969178E-005   0.0000000000000000     
   2.2986737359804921E-006   1.7762826849029529E-005   0.0000000000000000     
   2.2620945018885310E-006   1.7791467324703227E-005   0.0000000000000000     
   2.2256316643911823E-006   1.7819649103263788E-005   0.0000000000000000     
   2.1892909753382879E-006   1.7847373682345952E-005   0.0000000000000000     
   2.1530781673265239E-006   1.7874642631709801E-005   0.0000000000000000     
   2.1169989527949479E-006   1.7901457592993503E-005   0.0000000000000000     
   2.0810590231237210E-006   1.7927820279454712E-005   0.0000000000000000     
   2.0452640477361414E-006   1.7953732475700667E-005   0.0000000000000000     
   2.0096196732041310E-006   1.7979196037407036E-005   0.0000000000000000     
   1.9741315223573222E-006   1.8004212891025520E-005   0.0000000000000000     
   1.9388051933958753E-006   1.8028785033480327E-005   0.0000000000000000     
   1.9036462590071804E-006   1.8052914531853481E-005   0.0000000000000000     
   1.8686602654865694E-006   1.8076603523059088E-005   0.0000000000000000     
   1.8338527318621871E-006   1.8099854213506567E-005   0.0000000000000000     
   1.7992291490241538E-006   1.8122668878752919E-005   0.0000000000000000     
   1.7647949788581596E-006   1.8145049863144070E-005   0.0000000000000000     
   1.7305556533836271E-006   1.8166999579445371E-005   0.0000000000000000     
   1.6965165738965768E-006   1.8188520508461283E-005   0.0000000000000000     
   1.6626831101173337E-006   1.8209615198644341E-005   0.0000000000000000     
   1.6290605993432056E-006   1.8230286265693418E-005   0.0000000000000000     
   1.5956543456062720E-006   1.8250536392141387E-005   0.0000000000000000     
   1.5624696188364120E-006   1.8270368326932234E-005   0.0000000000000000     
   1.5295116540297055E-006   1.8289784884987672E-005   0.0000000000000000     
   1.4967856504223402E-006   1.8308788946763362E-005   0.0000000000000000     
   1.4642967706701524E-006   1.8327383457794769E-005   0.0000000000000000     
   1.4320501400339330E-006   1.8345571428232756E-005   0.0000000000000000     
   1.4000508455706275E-006   1.8363355932368967E-005   0.0000000000000000     
   1.3683039353305562E-006   1.8380740108151092E-005   0.0000000000000000     
   1.3368144175607828E-006   1.8397727156688080E-005   0.0000000000000000     
   1.3055872599147580E-006   1.8414320341745369E-005   0.0000000000000000     
   1.2746273886683607E-006   1.8430522989230242E-005   0.0000000000000000     
   1.2439396879424630E-006   1.8446338486667365E-005   0.0000000000000000     
   1.2135289989321395E-006   1.8461770282664576E-005   0.0000000000000000     
   1.1834001191426457E-006   1.8476821886369066E-005   0.0000000000000000     
   1.1535578016322842E-006   1.8491496866913969E-005   0.0000000000000000     
   1.1240067542622779E-006   1.8505798852855502E-005   0.0000000000000000     
   1.0947516389537707E-006   1.8519731531600700E-005   0.0000000000000000     
   1.0657970709520718E-006   1.8533298648825874E-005   0.0000000000000000     
   1.0371476180982600E-006   1.8546504007885877E-005   0.0000000000000000     
   1.0088078001082645E-006   1.8559351469214233E-005   0.0000000000000000     
   9.8078208785953317E-007   1.8571844949714277E-005   0.0000000000000000     
   9.5307490268540481E-007   1.8583988422141364E-005   0.0000000000000000     
   9.2569061567729404E-007   1.8595785914476267E-005   0.0000000000000000     
   8.9863354699480059E-007   1.8607241509289848E-005   0.0000000000000000     
   8.7190796518385184E-007   1.8618359343099104E-005   0.0000000000000000     
   8.4551808650298580E-007   1.8629143605714709E-005   0.0000000000000000     
   8.1946807425788211E-007   1.8639598539580118E-005   0.0000000000000000     
   7.9376203814424523E-007   1.8649728439102380E-005   0.0000000000000000     
   7.6840403359914446E-007   1.8659537649974724E-005   0.0000000000000000     
   7.4339806116091329E-007   1.8669030568491068E-005   0.0000000000000000     
   7.1874806583770920E-007   1.8678211640852501E-005   0.0000000000000000     
   6.9445793648483273E-007   1.8687085362465925E-005   0.0000000000000000     
   6.7053150519090684E-007   1.8695656277234901E-005   0.0000000000000000     
   6.4697254667301072E-007   1.8703928976842826E-005   0.0000000000000000     
   6.2378477768086584E-007   1.8711908100028585E-005   0.0000000000000000     
   6.0097185641016779E-007   1.8719598331854770E-005   0.0000000000000000     
   5.7853738192515587E-007   1.8727004402968559E-005   0.0000000000000000     
   5.5648489359051307E-007   1.8734131088855415E-005   0.0000000000000000     
   5.3481787051268572E-007   1.8740983209085698E-005   0.0000000000000000     
   5.1353973099071129E-007   1.8747565626554307E-005   0.0000000000000000     
   4.9265383197664083E-007   1.8753883246713491E-005   0.0000000000000000     
   4.7216346854564173E-007   1.8759941016798925E-005   0.0000000000000000     
   4.5207187337586480E-007   1.8765743925049191E-005   0.0000000000000000     
   4.3238221623815766E-007   1.8771296999918779E-005   0.0000000000000000     
   4.1309760349570533E-007   1.8776605309284746E-005   0.0000000000000000     
   3.9422107761367683E-007   1.8781673959647129E-005   0.0000000000000000     
   3.7575561667895594E-007   1.8786508095323278E-005   0.0000000000000000     
   3.5770413393003168E-007   1.8791112897636183E-005   0.0000000000000000     
   3.4006947729712313E-007   1.8795493584097004E-005   0.0000000000000000     
   3.2285442895261098E-007   1.8799655407581828E-005   0.0000000000000000     
   3.0606170487184743E-007   1.8803603655502883E-005   0.0000000000000000     
   2.8969395440441360E-007   1.8807343648974279E-005   0.0000000000000000     
   2.7375375985589239E-007   1.8810880741972417E-005   0.0000000000000000     
   2.5824363608022304E-007   1.8814220320491221E-005   0.0000000000000000     
   2.4316603008270162E-007   1.8817367801692297E-005   0.0000000000000000     
   2.2852332063369066E-007   1.8820328633050192E-005   0.0000000000000000     
   2.1431781789309883E-007   1.8823108291492824E-005   0.0000000000000000     
   2.0055176304568991E-007   1.8825712282537307E-005   0.0000000000000000     
   1.8722732794727923E-007   1.8828146139421216E-005   0.0000000000000000     
   1.7434661478187319E-007   1.8830415422229501E-005   0.0000000000000000     
   1.6191165572980610E-007   1.8832525717017149E-005   0.0000000000000000     
   1.4992441264692729E-007   1.8834482634927737E-005   0.0000000000000000     
   1.3838677675488862E-007   1.8836291811308032E-005   0.0000000000000000     
   1.2730056834258195E-007   1.8837958904818765E-005   0.0000000000000000     
   1.1666753647877363E-007   1.8839489596541708E-005   0.0000000000000000     
   1.0648935873598135E-007   1.8840889589083233E-005   0.0000000000000000     
   9.6767640925637209E-008   1.8842164605674442E-005   0.0000000000000000     
   8.7503916844578921E-008   1.8843320389268063E-005   0.0000000000000000     
   7.8699648032909219E-008   1.8844362701632215E-005   0.0000000000000000     
   7.0356223543261812E-008   1.8845297322441203E-005   0.0000000000000000     
   6.2474959721510386E-008   1.8846130048363492E-005   0.0000000000000000     
   5.5057099998955330E-008   1.8846866692146980E-005   0.0000000000000000     
   4.8103814696021259E-008   1.8847513081701750E-005   0.0000000000000000     
   4.1616200837496102E-008   1.8848075059180398E-005   0.0000000000000000     
   3.5595281979341276E-008   1.8848558480056146E-005   0.0000000000000000     
   3.0042008047100214E-008   1.8848969212198830E-005   0.0000000000000000     
   2.4957255185930837E-008   1.8849313134948918E-005   0.0000000000000000     
   2.0341825622285736E-008   1.8849596138189748E-005   0.0000000000000000     
   1.6196447537261972E-008   1.8849824121418063E-005   0.0000000000000000     
   1.2521774951640476E-008   1.8850002992813063E-005   0.0000000000000000     
   9.3183876226333116E-009   1.8850138668304054E-005   0.0000000000000000     
   6.5867909523551115E-009   1.8850237070636889E-005   0.0000000000000000     
   4.3274159080331727E-009   1.8850304128439332E-005   0.0000000000000000     
   2.5406189539688555E-009   1.8850345775285490E-005   0.0000000000000000     
   1.2266819952610487E-009   1.8850367948759454E-005   0.0000000000000000     
   3.8581233330060463E-010   1.8850376589518329E-005   0.0000000000000000     
   1.8142633042795704E-011   1.8850377640354752E-005   0.0000000000000000     
   1.2373090206296883E-010   1.8850377045259087E-005   0.0000000000000000     
   7.0256048139871327E-010   1.8850380748481440E-005   0.0000000000000000     
   1.7545400481799924E-009   1.8850394693593605E-005   0.0000000000000000     
   3.2795036300468229E-009   1.8850424822551148E-005   0.0000000000000000     
   5.2772106313522173E-009   1.8850477074755725E-005   0.0000000000000000     
   7.7473458711462471E-009   1.8850557386117812E-005   0.0000000000000000     
   1.0689519632935206E-008   1.8850671688119984E-005   0.0000000000000000     
   1.4103267726208005E-008   1.8850825906880901E-005   0.0000000000000000     
   1.7988051559720055E-008   1.8851025962220132E-005   0.0000000000000000     
   2.2343258226523040E-008   1.8851277766723975E-005   0.0000000000000000     
   2.7168200600727121E-008   1.8851587224812429E-005   0.0000000000000000     
   3.2462117445980255E-008   1.8851960231807445E-005   0.0000000000000000     
   3.8224173535647447E-008   1.8852402673002627E-005   0.0000000000000000     
   4.4453459784670946E-008   1.8852920422734505E-005   0.0000000000000000     
   5.1148993393090472E-008   1.8853519343455547E-005   0.0000000000000000     
   5.8309718001200782E-008   1.8854205284809042E-005   0.0000000000000000     
   6.5934503856321998E-008   1.8854984082706016E-005   0.0000000000000000     
   7.4022147991156348E-008   1.8855861558404319E-005   0.0000000000000000     
   8.2571374413703027E-008   1.8856843517590009E-005   0.0000000000000000     
   9.1580834308701116E-008   1.8857935749461223E-005   0.0000000000000000     
   1.0104910625056880E-007   1.8859144025814628E-005   0.0000000000000000     
   1.1097469642780501E-007   1.8860474100134638E-005   0.0000000000000000     
   1.2135603887881804E-007   1.8861931706685518E-005   0.0000000000000000     
   1.3219149573914389E-007   1.8863522559606537E-005   0.0000000000000000     
   1.4347935750001512E-007   1.8865252352010263E-005   0.0000000000000000     
   1.5521784327823928E-007   1.8867126755084236E-005   0.0000000000000000     
   1.6740510109734429E-007   1.8869151417196068E-005   0.0000000000000000     
   1.8003920817994614E-007   1.8871331963002144E-005   0.0000000000000000     
   1.9311817125129290E-007   1.8873673992560100E-005   0.0000000000000000     
   2.0663992685393653E-007   1.8876183080445156E-005   0.0000000000000000     
   2.2060234167348333E-007   1.8878864774870502E-005   0.0000000000000000     
   2.3500321287537089E-007   1.8881724596811827E-005   0.0000000000000000     
   2.4984026845261855E-007   1.8884768039136160E-005   0.0000000000000000     
   2.6511116758449638E-007   1.8888000565735155E-005   0.0000000000000000     
   2.8081350100605558E-007   1.8891427610662956E-005   0.0000000000000000     
   2.9694479138846231E-007   1.8895054577278760E-005   0.0000000000000000     
   3.1350249373007452E-007   1.8898886837394256E-005   0.0000000000000000     
   3.3048399575819964E-007   1.8902929730426019E-005   0.0000000000000000     
   3.4788661834147004E-007   1.8907188562553037E-005   0.0000000000000000     
   3.6570761591277069E-007   1.8911668605879499E-005   0.0000000000000000     
   3.8394417690265230E-007   1.8916375097602945E-005   0.0000000000000000     
   4.0259342418316107E-007   1.8921313239187942E-005   0.0000000000000000     
   4.2165241552201512E-007   1.8926488195545402E-005   0.0000000000000000     
   4.4111814404705571E-007   1.8931905094217688E-005   0.0000000000000000     
   4.6098753872089965E-007   1.8937569024569592E-005   0.0000000000000000     
   4.8125746482571749E-007   1.8943485036985380E-005   0.0000000000000000     
   5.0192472445806199E-007   1.8949658142071977E-005   0.0000000000000000     
   5.2298605703366674E-007   1.8956093309868420E-005   0.0000000000000000     
   5.4443813980213660E-007   1.8962795469061764E-005   0.0000000000000000     
   5.6627758837144819E-007   1.8969769506209469E-005   0.0000000000000000     
   5.8850095724217671E-007   1.8977020264968473E-005   0.0000000000000000     
   6.1110474035136579E-007   1.8984552545331046E-005   0.0000000000000000     
   6.3408537162595309E-007   1.8992371102867515E-005   0.0000000000000000     
   6.5743922554566512E-007   1.9000480647976028E-005   0.0000000000000000     
   6.8116261771529186E-007   1.9008885845139438E-005   0.0000000000000000     
   7.0525180544625002E-007   1.9017591312189457E-005   0.0000000000000000     
   7.2970298834734440E-007   1.9026601619578164E-005   0.0000000000000000     
   7.5451230892463282E-007   1.9035921289657010E-005   0.0000000000000000     
   7.7967585319029950E-007   1.9045554795963396E-005   0.0000000000000000     
   8.0518965128044157E-007   1.9055506562514987E-005   0.0000000000000000     
   8.3104967808167077E-007   1.9065780963111838E-005   0.0000000000000000     
   8.5725185386643029E-007   1.9076382320646446E-005   0.0000000000000000     
   8.8379204493692766E-007   1.9087314906421854E-005   0.0000000000000000     
   9.1066606427758091E-007   1.9098582939477891E-005   0.0000000000000000     
   9.3786967221587497E-007   1.9110190585925668E-005   0.0000000000000000     
   9.6539857709152416E-007   1.9122141958290444E-005   0.0000000000000000     
   9.9324843593383531E-007   1.9134441114862936E-005   0.0000000000000000     
   1.0214148551471621E-006   1.9147092059059220E-005   0.0000000000000000     
   1.0498933912043460E-006   1.9160098738789263E-005   0.0000000000000000     
   1.0786795513480314E-006   1.9173465045834264E-005   0.0000000000000000     
   1.1077687942997439E-006   1.9187194815232815E-005   0.0000000000000000     
   1.1371565309766222E-006   1.9201291824676055E-005   0.0000000000000000     
   1.1668381252156875E-006   1.9215759793911863E-005   0.0000000000000000     
   1.1968088945055374E-006   1.9230602384158204E-005   0.0000000000000000     
   1.2270641107253485E-006   1.9245823197525723E-005   0.0000000000000000     
   1.2575990008910702E-006   1.9261425776449665E-005   0.0000000000000000     
   1.2884087479086924E-006   1.9277413603131228E-005   0.0000000000000000     
   1.3194884913344684E-006   1.9293790098988411E-005   0.0000000000000000     
   1.3508333281419714E-006   1.9310558624116477E-005   0.0000000000000000     
   1.3824383134958650E-006   1.9327722476758080E-005   0.0000000000000000     
   1.4142984615322638E-006   1.9345284892783178E-005   0.0000000000000000     
   1.4464087461455630E-006   1.9363249045178781E-005   0.0000000000000000     
   1.4787641017816099E-006   1.9381618043548630E-005   0.0000000000000000     
   1.5113594242370941E-006   1.9400394933622888E-005   0.0000000000000000     
   1.5441895714650293E-006   1.9419582696777892E-005   0.0000000000000000     
   1.5772493643861988E-006   1.9439184249566116E-005   0.0000000000000000     
   1.6105335877064382E-006   1.9459202443256309E-005   0.0000000000000000     
   1.6440369907396241E-006   1.9479640063383979E-005   0.0000000000000000     
   1.6777542882362401E-006   1.9500499829312230E-005   0.0000000000000000     
   1.7116801612173889E-006   1.9521784393803076E-005   0.0000000000000000     
   1.7458092578141188E-006   1.9543496342599232E-005   0.0000000000000000     
   1.7801361941119315E-006   1.9565638194016507E-005   0.0000000000000000     
   1.8146555550003384E-006   1.9588212398546840E-005   0.0000000000000000     
   1.8493618950273308E-006   1.9611221338472032E-005   0.0000000000000000     
   1.8842497392586294E-006   1.9634667327488253E-005   0.0000000000000000     
   1.9193135841415775E-006   1.9658552610341378E-005   0.0000000000000000     
   1.9545478983735394E-006   1.9682879362473184E-005   0.0000000000000000     
   1.9899471237746715E-006   1.9707649689678530E-005   0.0000000000000000     
   2.0255056761649217E-006   1.9732865627773474E-005   0.0000000000000000     
   2.0612179462451253E-006   1.9758529142274484E-005   0.0000000000000000     
   2.0970783004820543E-006   1.9784642128088714E-005   0.0000000000000000     
   2.1330810819972795E-006   1.9811206409215438E-005   0.0000000000000000     
   2.1692206114597083E-006   1.9838223738458667E-005   0.0000000000000000     
   2.2054911879816568E-006   1.9865695797151013E-005   0.0000000000000000     
   2.2418870900183104E-006   1.9893624194888821E-005   0.0000000000000000     
   2.2784025762704365E-006   1.9922010469278619E-005   0.0000000000000000     
   2.3150318865902038E-006   1.9950856085694952E-005   0.0000000000000000     
   2.3517692428899653E-006   1.9980162437049585E-005   0.0000000000000000     
   2.3886088500538628E-006   2.0009930843572162E-005   0.0000000000000000     
   2.4255448968521077E-006   2.0040162552602324E-005   0.0000000000000000     
   2.4625715568577933E-006   2.0070858738393321E-005   0.0000000000000000     
   2.4996829893660961E-006   2.0102020501927191E-005   0.0000000000000000     
   2.5368733403157197E-006   2.0133648870741455E-005   0.0000000000000000     
   2.5741367432124351E-006   2.0165744798767430E-005   0.0000000000000000     
   2.6114673200545722E-006   2.0198309166180154E-005   0.0000000000000000     
   2.6488591822603179E-006   2.0231342779259926E-005   0.0000000000000000     
   2.6863064315966726E-006   2.0264846370265530E-005   0.0000000000000000     
   2.7238031611099182E-006   2.0298820597319138E-005   0.0000000000000000     
   2.7613434560574536E-006   2.0333266044302877E-005   0.0000000000000000     
   2.7989213948408457E-006   2.0368183220767153E-005   0.0000000000000000     
   2.8365310499399552E-006   2.0403572561850671E-005   0.0000000000000000     
   2.8741664888479845E-006   2.0439434428212203E-005   0.0000000000000000     
   2.9118217750073015E-006   2.0475769105974105E-005   0.0000000000000000     
   2.9494909687458931E-006   2.0512576806677586E-005   0.0000000000000000     
   2.9871681282142989E-006   2.0549857667249771E-005   0.0000000000000000     
   3.0248473103228789E-006   2.0587611749982493E-005   0.0000000000000000     
   3.0625225716792668E-006   2.0625839042522878E-005   0.0000000000000000     
   3.1001879695258587E-006   2.0664539457875716E-005   0.0000000000000000     
   3.1378375626771939E-006   2.0703712834417576E-005   0.0000000000000000     
   3.1754654124570770E-006   2.0743358935922720E-005   0.0000000000000000     
   3.2130655836352908E-006   2.0783477451600775E-005   0.0000000000000000     
   3.2506321453637603E-006   2.0824067996146158E-005   0.0000000000000000     
   3.2881591721120115E-006   2.0865130109799258E-005   0.0000000000000000     
   3.3256407446017826E-006   2.0906663258419371E-005   0.0000000000000000     
   3.3630709507406396E-006   2.0948666833569347E-005   0.0000000000000000     
   3.4004438865544464E-006   2.0991140152611968E-005   0.0000000000000000     
   3.4377536571185459E-006   2.1034082458818025E-005   0.0000000000000000     
   3.4749943774875039E-006   2.1077492921486077E-005   0.0000000000000000     
   3.5121601736232666E-006   2.1121370636073881E-005   0.0000000000000000     
   3.5492451833215904E-006   2.1165714624341461E-005   0.0000000000000000     
   3.5862435571365951E-006   2.1210523834505793E-005   0.0000000000000000     
   3.6231494593032920E-006   2.1255797141407101E-005   0.0000000000000000     
   3.6599570686579483E-006   2.1301533346686716E-005   0.0000000000000000     
   3.6966605795561364E-006   2.1347731178976480E-005   0.0000000000000000     
   3.7332542027883268E-006   2.1394389294099658E-005   0.0000000000000000     
   3.7697321664928788E-006   2.1441506275283324E-005   0.0000000000000000     
   3.8060887170662857E-006   2.1489080633382211E-005   0.0000000000000000     
   3.8423181200705317E-006   2.1537110807113963E-005   0.0000000000000000     
   3.8784146611374147E-006   2.1585595163305759E-005   0.0000000000000000     
   3.9143726468696981E-006   2.1634531997152264E-005   0.0000000000000000     
   3.9501864057389427E-006   2.1683919532484897E-005   0.0000000000000000     
   3.9858502889798811E-006   2.1733755922052316E-005   0.0000000000000000     
   4.0213586714811959E-006   2.1784039247812150E-005   0.0000000000000000     
   4.0567059526725552E-006   2.1834767521233846E-005   0.0000000000000000     
   4.0918865574077684E-006   2.1885938683612672E-005   0.0000000000000000     
   4.1268949368439299E-006   2.1937550606394751E-005   0.0000000000000000     
   4.1617255693164001E-006   2.1989601091513117E-005   0.0000000000000000     
   4.1963729612094905E-006   2.2042087871734733E-005   0.0000000000000000     
   4.2308316478227243E-006   2.2095008611018410E-005   0.0000000000000000     
   4.2650961942325237E-006   2.2148360904883560E-005   0.0000000000000000     
   4.2991611961491927E-006   2.2202142280789752E-005   0.0000000000000000     
   4.3330212807690635E-006   2.2256350198526995E-005   0.0000000000000000     
   4.3666711076216692E-006   2.2310982050616681E-005   0.0000000000000000     
   4.4001053694118078E-006   2.2366035162723121E-005   0.0000000000000000     
   4.4333187928563697E-006   2.2421506794075650E-005   0.0000000000000000     
   4.4663061395157950E-006   2.2477394137901161E-005   0.0000000000000000     
   4.4990622066200241E-006   2.2533694321867086E-005   0.0000000000000000     
   4.5315818278888215E-006   2.2590404408534671E-005   0.0000000000000000     
   4.5638598743463352E-006   2.2647521395822525E-005   0.0000000000000000     
   4.5958912551297668E-006   2.2705042217480380E-005   0.0000000000000000     
   4.6276709182920294E-006   2.2762963743572922E-005   0.0000000000000000     
   4.6591938515982543E-006   2.2821282780973687E-005   0.0000000000000000     
   4.6904550833160357E-006   2.2879996073868907E-005   0.0000000000000000     
   4.7214496829992802E-006   2.2939100304271245E-005   0.0000000000000000     
   4.7521727622655415E-006   2.2998592092543305E-005   0.0000000000000000     
   4.7826194755667118E-006   2.3058467997930870E-005   0.0000000000000000     
   4.8127850209529597E-006   2.3118724519105783E-005   0.0000000000000000     
   4.8426646408297805E-006   2.3179358094718347E-005   0.0000000000000000     
   4.8722536227080548E-006   2.3240365103959206E-005   0.0000000000000000     
   4.9015472999469838E-006   2.3301741867130582E-005   0.0000000000000000     
   4.9305410524897899E-006   2.3363484646226796E-005   0.0000000000000000     
   4.9592303075920742E-006   2.3425589645523966E-005   0.0000000000000000     
   4.9876105405426983E-006   2.3488053012178824E-005   0.0000000000000000     
   5.0156772753770965E-006   2.3550870836836496E-005   0.0000000000000000     
   5.0434260855828937E-006   2.3614039154247229E-005   0.0000000000000000     
   5.0708525947977227E-006   2.3677553943891880E-005   0.0000000000000000     
   5.0979524774991256E-006   2.3741411130616156E-005   0.0000000000000000     
   5.1247214596864459E-006   2.3805606585273425E-005   0.0000000000000000     
   5.1511553195545789E-006   2.3870136125376047E-005   0.0000000000000000     
   5.1772498881595021E-006   2.3934995515755119E-005   0.0000000000000000     
   5.2030010500754573E-006   2.4000180469228510E-005   0.0000000000000000     
   5.2284047440436976E-006   2.4065686647277087E-005   0.0000000000000000     
   5.2534569636126873E-006   2.4131509660729032E-005   0.0000000000000000     
   5.2781537577696594E-006   2.4197645070452142E-005   0.0000000000000000     
   5.3024912315634308E-006   2.4264088388053990E-005   0.0000000000000000     
   5.3264655467183694E-006   2.4330835076589861E-005   0.0000000000000000     
   5.3500729222394313E-006   2.4397880551278316E-005   0.0000000000000000     
   5.3733096350081588E-006   2.4465220180224317E-005   0.0000000000000000     
   5.3961720203695544E-006   2.4532849285149746E-005   0.0000000000000000     
   5.4186564727097323E-006   2.4600763142131246E-005   0.0000000000000000     
   5.4407594460242642E-006   2.4668956982345258E-005   0.0000000000000000     
   5.4624774544771196E-006   2.4737425992820114E-005   0.0000000000000000     
   5.4838070729501212E-006   2.4806165317195093E-005   0.0000000000000000     
   5.5047449375828280E-006   2.4875170056486313E-005   0.0000000000000000     
   5.5252877463027572E-006   2.4944435269859337E-005   0.0000000000000000     
   5.5454322593458627E-006   2.5013955975408354E-005   0.0000000000000000     
   5.5651752997671933E-006   2.5083727150941863E-005   0.0000000000000000     
   5.5845137539416405E-006   2.5153743734774665E-005   0.0000000000000000     
   5.6034445720547081E-006   2.5224000626526094E-005   0.0000000000000000     
   5.6219647685832201E-006   2.5294492687924355E-005   0.0000000000000000     
   5.6400714227658884E-006   2.5365214743616798E-005   0.0000000000000000     
   5.6577616790636781E-006   2.5436161581986061E-005   0.0000000000000000     
   5.6750327476098834E-006   2.5507327955971911E-005   0.0000000000000000     
   5.6918819046498514E-006   2.5578708583898664E-005   0.0000000000000000     
   5.7083064929702884E-006   2.5650298150308075E-005   0.0000000000000000     
   5.7243039223180694E-006   2.5722091306797520E-005   0.0000000000000000     
   5.7398716698084975E-006   2.5794082672863392E-005   0.0000000000000000     
   5.7550072803229373E-006   2.5866266836749541E-005   0.0000000000000000     
   5.7697083668957738E-006   2.5938638356300631E-005   0.0000000000000000     
   5.7839726110906197E-006   2.6011191759820298E-005   0.0000000000000000     
   5.7977977633657254E-006   2.6083921546933955E-005   0.0000000000000000     
   5.8111816434285283E-006   2.6156822189456100E-005   0.0000000000000000     
   5.8241221405792834E-006   2.6229888132262028E-005   0.0000000000000000     
   5.8366172140437282E-006   2.6303113794163757E-005   0.0000000000000000     
   5.8486648932947235E-006   2.6376493568790096E-005   0.0000000000000000     
   5.8602632783628228E-006   2.6450021825470633E-005   0.0000000000000000     
   5.8714105401357158E-006   2.6523692910123583E-005   0.0000000000000000     
   5.8821049206465106E-006   2.6597501146147319E-005   0.0000000000000000     
   5.8923447333507969E-006   2.6671440835315439E-005   0.0000000000000000     
   5.9021283633924535E-006   2.6745506258675232E-005   0.0000000000000000     
   5.9114542678581556E-006   2.6819691677449432E-005   0.0000000000000000     
   5.9203209760205445E-006   2.6893991333941075E-005   0.0000000000000000     
   5.9287270895700193E-006   2.6968399452441336E-005   0.0000000000000000     
   5.9366712828351144E-006   2.7042910240140216E-005   0.0000000000000000     
   5.9441523029914264E-006   2.7117517888039905E-005   0.0000000000000000     
   5.9511689702590665E-006   2.7192216571870700E-005   0.0000000000000000     
   5.9577201780885910E-006   2.7267000453009336E-005   0.0000000000000000     
   5.9638048933353982E-006   2.7341863679399569E-005   0.0000000000000000     
   5.9694221564225528E-006   2.7416800386474874E-005   0.0000000000000000     
   5.9745710814920143E-006   2.7491804698083109E-005   0.0000000000000000     
   5.9792508565442518E-006   2.7566870727413023E-005   0.0000000000000000     
   5.9834607435662127E-006   2.7641992577922417E-005   0.0000000000000000     
   5.9872000786476351E-006   2.7717164344267849E-005   0.0000000000000000     
   5.9904682720856788E-006   2.7792380113235735E-005   0.0000000000000000     
   5.9932648084778648E-006   2.7867633964674667E-005   0.0000000000000000     
   5.9955892468032989E-006   2.7942919972428842E-005   0.0000000000000000     
   5.9974412204921808E-006   2.8018232205272424E-005   0.0000000000000000     
   5.9988204374835715E-006   2.8093564727844715E-005   0.0000000000000000     
   5.9997266802714246E-006   2.8168911601585978E-005   0.0000000000000000     
   6.0001598059388627E-006   2.8244266885673744E-005   0.0000000000000000     
   6.0001197461807050E-006   2.8319624637959495E-005   0.0000000000000000     
   5.9996065073142273E-006   2.8394978915905557E-005   0.0000000000000000     
   5.9986201702781704E-006   2.8470323777522039E-005   0.0000000000000000     
   5.9971608906199842E-006   2.8545653282303699E-005   0.0000000000000000     
   5.9952288984713097E-006   2.8620961492166569E-005   0.0000000000000000     
   5.9928244985117165E-006   2.8696242472384193E-005   0.0000000000000000     
   5.9899480699206814E-006   2.8771490292523364E-005   0.0000000000000000     
   5.9866000663178318E-006   2.8846699027379144E-005   0.0000000000000000     
   5.9827810156914550E-006   2.8921862757909104E-005   0.0000000000000000     
   5.9784915203152896E-006   2.8996975572166550E-005   0.0000000000000000     
   5.9737322566536047E-006   2.9072031566232662E-005   0.0000000000000000     
   5.9685039752545912E-006   2.9147024845147370E-005   0.0000000000000000     
   5.9628075006320759E-006   2.9221949523838791E-005   0.0000000000000000     
   5.9566437311355763E-006   2.9296799728051145E-005   0.0000000000000000     
   5.9500136388087211E-006   2.9371569595270944E-005   0.0000000000000000     
   5.9429182692360575E-006   2.9446253275651332E-005   0.0000000000000000     
   5.9353587413782630E-006   2.9520844932934452E-005   0.0000000000000000     
   5.9273362473957972E-006   2.9595338745371641E-005   0.0000000000000000     
   5.9188520524610167E-006   2.9669728906641368E-005   0.0000000000000000     
   5.9099074945587786E-006   2.9744009626764733E-005   0.0000000000000000     
   5.9005039842755734E-006   2.9818175133018383E-005   0.0000000000000000     
   5.8906430045772120E-006   2.9892219670844728E-005   0.0000000000000000     
   5.8803261105751044E-006   2.9966137504759289E-005   0.0000000000000000     
   5.8695549292811709E-006   3.0039922919255029E-005   0.0000000000000000     
   5.8583311593514149E-006   3.0113570219703569E-005   0.0000000000000000     
   5.8466565708182119E-006   3.0187073733253086E-005   0.0000000000000000     
   5.8345330048113369E-006   3.0260427809722796E-005   0.0000000000000000     
   5.8219623732677972E-006   3.0333626822493862E-005   0.0000000000000000     
   5.8089466586304975E-006   3.0406665169396597E-005   0.0000000000000000     
   5.7954879135357936E-006   3.0479537273593820E-005   0.0000000000000000     
   5.7815882604899815E-006   3.0552237584460204E-005   0.0000000000000000     
   5.7672498915347737E-006   3.0624760578457525E-005   0.0000000000000000     
   5.7524750679018147E-006   3.0697100760005612E-005   0.0000000000000000     
   5.7372661196562902E-006   3.0769252662348918E-005   0.0000000000000000     
   5.7216254453296858E-006   3.0841210848418564E-005   0.0000000000000000     
   5.7055555115417506E-006   3.0912969911689651E-005   0.0000000000000000     
   5.6890588526117345E-006   3.0984524477033825E-005   0.0000000000000000     
   5.6721380701589463E-006   3.1055869201566876E-005   0.0000000000000000     
   5.6547958326927041E-006   3.1126998775491240E-005   0.0000000000000000     
   5.6370348751917445E-006   3.1197907922933321E-005   0.0000000000000000     
   5.6188579986731489E-006   3.1268591402775425E-005   0.0000000000000000     
   5.6002680697508613E-006   3.1339044009482290E-005   0.0000000000000000     
   5.5812680201838653E-006   3.1409260573921947E-005   0.0000000000000000     
   5.5618608464140870E-006   3.1479235964180874E-005   0.0000000000000000     
   5.5420496090941048E-006   3.1548965086373288E-005   0.0000000000000000     
   5.5218374326047337E-006   3.1618442885444452E-005   0.0000000000000000     
   5.5012275045625592E-006   3.1687664345967863E-005   0.0000000000000000     
   5.4802230753175074E-006   3.1756624492936176E-005   0.0000000000000000     
   5.4588274574405174E-006   3.1825318392545802E-005   0.0000000000000000     
   5.4370440252014097E-006   3.1893741152974985E-005   0.0000000000000000     
   5.4148762140370195E-006   3.1961887925155291E-005   0.0000000000000000     
   5.3923275200096891E-006   3.2029753903536321E-005   0.0000000000000000     
   5.3694014992562023E-006   3.2097334326843622E-005   0.0000000000000000     
   5.3461017674272397E-006   3.2164624478829595E-005   0.0000000000000000     
   5.3224319991174570E-006   3.2231619689017315E-005   0.0000000000000000     
   5.2983959272862625E-006   3.2298315333437125E-005   0.0000000000000000     
   5.2739973426693921E-006   3.2364706835355936E-005   0.0000000000000000     
   5.2492400931813745E-006   3.2430789665999073E-005   0.0000000000000000     
   5.2241280833089764E-006   3.2496559345264559E-005   0.0000000000000000     
   5.1986652734957299E-006   3.2562011442429731E-005   0.0000000000000000     
   5.1728556795176277E-006   3.2627141576850081E-005   0.0000000000000000     
   5.1467033718500999E-006   3.2691945418650230E-005   0.0000000000000000     
   5.1202124750263564E-006   3.2756418689406858E-005   0.0000000000000000     
   5.0933871669872055E-006   3.2820557162823562E-005   0.0000000000000000     
   5.0662316784224507E-006   3.2884356665397499E-005   0.0000000000000000     
   5.0387502921039627E-006   3.2947813077077713E-005   0.0000000000000000     
   5.0109473422105383E-006   3.3010922331915017E-005   0.0000000000000000     
   4.9828272136446508E-006   3.3073680418703389E-005   0.0000000000000000     
   4.9543943413411976E-006   3.3136083381612700E-005   0.0000000000000000     
   4.9256532095683524E-006   3.3198127320812770E-005   0.0000000000000000     
   4.8966083512206404E-006   3.3259808393088555E-005   0.0000000000000000     
   4.8672643471043345E-006   3.3321122812446419E-005   0.0000000000000000     
   4.8376258252152980E-006   3.3382066850711429E-005   0.0000000000000000     
   4.8076974600093794E-006   3.3442636838115489E-005   0.0000000000000000     
   4.7774839716654757E-006   3.3502829163876318E-005   0.0000000000000000     
   4.7469901253413832E-006   3.3562640276767093E-005   0.0000000000000000     
   4.7162207304225478E-006   3.3622066685676720E-005   0.0000000000000000     
   4.6851806397638376E-006   3.3681104960160665E-005   0.0000000000000000     
   4.6538747489244551E-006   3.3739751730982174E-005   0.0000000000000000     
   4.6223079953961125E-006   3.3798003690643884E-005   0.0000000000000000     
   4.5904853578245820E-006   3.3855857593909685E-005   0.0000000000000000     
   4.5584118552247574E-006   3.3913310258316792E-005   0.0000000000000000     
   4.5260925461893411E-006   3.3970358564677897E-005   0.0000000000000000     
   4.4935325280912844E-006   3.4026999457573366E-005   0.0000000000000000     
   4.4607369362801024E-006   3.4083229945833403E-005   0.0000000000000000     
   4.4277109432721995E-006   3.4139047103010050E-005   0.0000000000000000     
   4.3944597579353231E-006   3.4194448067839008E-005   0.0000000000000000     
   4.3609886246672803E-006   3.4249430044691186E-005   0.0000000000000000     
   4.3273028225690422E-006   3.4303990304013923E-005   0.0000000000000000     
   4.2934076646123677E-006   3.4358126182761741E-005   0.0000000000000000     
   4.2593084968020838E-006   3.4411835084816679E-005   0.0000000000000000     
   4.2250106973331444E-006   3.4465114481398031E-005   0.0000000000000000     
   4.1905196757426051E-006   3.4517961911461516E-005   0.0000000000000000     
   4.1558408720566497E-006   3.4570374982087708E-005   0.0000000000000000     
   4.1209797559328005E-006   3.4622351368859791E-005   0.0000000000000000     
   4.0859418257974465E-006   3.4673888816230486E-005   0.0000000000000000     
   4.0507326079788248E-006   3.4724985137878115E-005   0.0000000000000000     
   4.0153576558355962E-006   3.4775638217051790E-005   0.0000000000000000     
   3.9798225488811511E-006   3.4825846006905562E-005   0.0000000000000000     
   3.9441328919037766E-006   3.4875606530821641E-005   0.0000000000000000     
   3.9082943140828312E-006   3.4924917882722479E-005   0.0000000000000000     
   3.8723124681010689E-006   3.4973778227371772E-005   0.0000000000000000     
   3.8361930292532389E-006   3.5022185800664240E-005   0.0000000000000000     
   3.7999416945511187E-006   3.5070138909904271E-005   0.0000000000000000     
   3.7635641818251048E-006   3.5117635934073246E-005   0.0000000000000000     
   3.7270662288225191E-006   3.5164675324085577E-005   0.0000000000000000     
   3.6904535923027587E-006   3.5211255603033414E-005   0.0000000000000000     
   3.6537320471294408E-006   3.5257375366419972E-005   0.0000000000000000     
   3.6169073853596820E-006   3.5303033282381426E-005   0.0000000000000000     
   3.5799854153306551E-006   3.5348228091897381E-005   0.0000000000000000     
   3.5429719607435723E-006   3.5392958608989824E-005   0.0000000000000000     
   3.5058728597452311E-006   3.5437223720910578E-005   0.0000000000000000     
   3.4686939640072744E-006   3.5481022388317201E-005   0.0000000000000000     
   3.4314411378033073E-006   3.5524353645437323E-005   0.0000000000000000     
   3.3941202570840180E-006   3.5567216600221361E-005   0.0000000000000000     
   3.3567372085504429E-006   3.5609610434483625E-005   0.0000000000000000     
   3.3192978887255300E-006   3.5651534404031777E-005   0.0000000000000000     
   3.2818082030241407E-006   3.5692987838784598E-005   0.0000000000000000     
   3.2442740648216418E-006   3.5733970142878099E-005   0.0000000000000000     
   3.2067013945212280E-006   3.5774480794759901E-005   0.0000000000000000     
   3.1690961186201276E-006   3.5814519347271927E-005   0.0000000000000000     
   3.1314641687748391E-006   3.5854085427721313E-005   0.0000000000000000     
   3.0938114808655390E-006   3.5893178737939627E-005   0.0000000000000000     
   3.0561439940598174E-006   3.5931799054330290E-005   0.0000000000000000     
   3.0184676498758819E-006   3.5969946227904265E-005   0.0000000000000000     
   2.9807883912453832E-006   3.6007620184303953E-005   0.0000000000000000     
   2.9431121615760038E-006   3.6044820923815358E-005   0.0000000000000000     
   2.9054449038139649E-006   3.6081548521368425E-005   0.0000000000000000     
   2.8677925595065940E-006   3.6117803126525658E-005   0.0000000000000000     
   2.8301610678651035E-006   3.6153584963458902E-005   0.0000000000000000     
   2.7925563648277264E-006   3.6188894330914426E-005   0.0000000000000000     
   2.7549843821233587E-006   3.6223731602166186E-005   0.0000000000000000     
   2.7174510463358574E-006   3.6258097224957371E-005   0.0000000000000000     
   2.6799622779691353E-006   3.6291991721430151E-005   0.0000000000000000     
   2.6425239905132106E-006   3.6325415688043762E-005   0.0000000000000000     
   2.6051420895113470E-006   3.6358369795480783E-005   0.0000000000000000     
   2.5678224716284414E-006   3.6390854788541777E-005   0.0000000000000000     
   2.5305710237207992E-006   3.6422871486028183E-005   0.0000000000000000     
   2.4933936219074499E-006   3.6454420780613566E-005   0.0000000000000000     
   2.4562961306431430E-006   3.6485503638703198E-005   0.0000000000000000     
   2.4192844017931768E-006   3.6516121100282018E-005   0.0000000000000000     
   2.3823642737102021E-006   3.6546274278750948E-005   0.0000000000000000     
   2.3455415703131473E-006   3.6575964360751669E-005   0.0000000000000000     
   2.3088221001684113E-006   3.6605192605979830E-005   0.0000000000000000     
   2.2722116555734697E-006   3.6633960346986700E-005   0.0000000000000000     
   2.2357160116430354E-006   3.6662268988969346E-005   0.0000000000000000     
   2.1993409253979221E-006   3.6690120009549359E-005   0.0000000000000000     
   2.1630921348567532E-006   3.6717514958540126E-005   0.0000000000000000     
   2.1269753581306577E-006   3.6744455457702734E-005   0.0000000000000000     
   2.0909962925210981E-006   3.6770943200490498E-005   0.0000000000000000     
   2.0551606136209713E-006   3.6796979951782174E-005   0.0000000000000000     
   2.0194739744191273E-006   3.6822567547603939E-005   0.0000000000000000     
   1.9839420044084423E-006   3.6847707894840085E-005   0.0000000000000000     
   1.9485703086975919E-006   3.6872402970932578E-005   0.0000000000000000     
   1.9133644671266608E-006   3.6896654823569440E-005   0.0000000000000000     
   1.8783300333867320E-006   3.6920465570362101E-005   0.0000000000000000     
   1.8434725341435915E-006   3.6943837398511632E-005   0.0000000000000000     
   1.8087974681656884E-006   3.6966772564464088E-005   0.0000000000000000     
   1.7743103054564895E-006   3.6989273393554846E-005   0.0000000000000000     
   1.7400164863913618E-006   3.7011342279642104E-005   0.0000000000000000     
   1.7059214208591233E-006   3.7032981684729560E-005   0.0000000000000000     
   1.6720304874083948E-006   3.7054194138578343E-005   0.0000000000000000     
   1.6383490323988886E-006   3.7074982238308218E-005   0.0000000000000000     
   1.6048823691577679E-006   3.7095348647988189E-005   0.0000000000000000     
   1.5716357771412118E-006   3.7115296098216529E-005   0.0000000000000000     
   1.5386145011013146E-006   3.7134827385690289E-005   0.0000000000000000     
   1.5058237502584556E-006   3.7153945372764374E-005   0.0000000000000000     
   1.4732686974792667E-006   3.7172652987000289E-005   0.0000000000000000     
   1.4409544784603290E-006   3.7190953220704567E-005   0.0000000000000000     
   1.4088861909177279E-006   3.7208849130456934E-005   0.0000000000000000     
   1.3770688937825931E-006   3.7226343836628419E-005   0.0000000000000000     
   1.3455076064027531E-006   3.7243440522889294E-005   0.0000000000000000     
   1.3142073077506281E-006   3.7260142435707108E-005   0.0000000000000000     
   1.2831729356374866E-006   3.7276452883834723E-005   0.0000000000000000     
   1.2524093859341926E-006   3.7292375237788597E-005   0.0000000000000000     
   1.2219215117985622E-006   3.7307912929317253E-005   0.0000000000000000     
   1.1917141229094565E-006   3.7323069450860097E-005   0.0000000000000000     
   1.1617919847077267E-006   3.7337848354996670E-005   0.0000000000000000     
   1.1321598176441372E-006   3.7352253253886406E-005   0.0000000000000000     
   1.1028222964343795E-006   3.7366287818698936E-005   0.0000000000000000     
   1.0737840493212993E-006   3.7379955779035129E-005   0.0000000000000000     
   1.0450496573444519E-006   3.7393260922338869E-005   0.0000000000000000     
   1.0166236536171002E-006   3.7406207093299737E-005   0.0000000000000000     
   9.8851052261077237E-007   3.7418798193246606E-005   0.0000000000000000     
   9.6071469944748817E-007   3.7431038179532304E-005   0.0000000000000000     
   9.3324056919976977E-007   3.7442931064909475E-005   0.0000000000000000     
   9.0609246619854630E-007   3.7454480916897638E-005   0.0000000000000000     
   8.7927467334906071E-007   3.7465691857141599E-005   0.0000000000000000     
   8.5279142145488816E-007   3.7476568060761358E-005   0.0000000000000000     
   8.2664688855017278E-007   3.7487113755693533E-005   0.0000000000000000     
   8.0084519924018750E-007   3.7497333222024460E-005   0.0000000000000000     
   7.7539042405032224E-007   3.7507230791315033E-005   0.0000000000000000     
   7.5028657878360294E-007   3.7516810845917439E-005   0.0000000000000000     
   7.2553762388684316E-007   3.7526077818283873E-005   0.0000000000000000     
   7.0114746382552833E-007   3.7535036190267341E-005   0.0000000000000000     
   6.7711994646753157E-007   3.7543690492414605E-005   0.0000000000000000     
   6.5345886247575853E-007   3.7552045303251536E-005   0.0000000000000000     
   6.3016794470981762E-007   3.7560105248560788E-005   0.0000000000000000     
   6.0725086763680991E-007   3.7567875000652102E-005   0.0000000000000000     
   5.8471124675133169E-007   3.7575359277625166E-005   0.0000000000000000     
   5.6255263800478209E-007   3.7582562842625331E-005   0.0000000000000000     
   5.4077853724406560E-007   3.7589490503092152E-005   0.0000000000000000     
   5.1939237965977804E-007   3.7596147110000943E-005   0.0000000000000000     
   4.9839753924396416E-007   3.7602537557097472E-005   0.0000000000000000     
   4.7779732825753121E-007   3.7608666780125894E-005   0.0000000000000000     
   4.5759499670740441E-007   3.7614539756050059E-005   0.0000000000000000     
   4.3779373183350576E-007   3.7620161502268260E-005   0.0000000000000000     
   4.1839665760563775E-007   3.7625537075821655E-005   0.0000000000000000     
   3.9940683423035178E-007   3.7630671572596413E-005   0.0000000000000000     
   3.8082725766787908E-007   3.7635570126519679E-005   0.0000000000000000     
   3.6266085915920030E-007   3.7640237908749598E-005   0.0000000000000000     
   3.4491050476332964E-007   3.7644680126859387E-005   0.0000000000000000     
   3.2757899490488506E-007   3.7648902024015725E-005   0.0000000000000000     
   3.1066906393201762E-007   3.7652908878151456E-005   0.0000000000000000     
   2.9418337968476947E-007   3.7656706001132847E-005   0.0000000000000000     
   2.7812454307392805E-007   3.7660298737921453E-005   0.0000000000000000     
   2.6249508767044441E-007   3.7663692465730761E-005   0.0000000000000000     
   2.4729747930547980E-007   3.7666892593177764E-005   0.0000000000000000     
   2.3253411568114351E-007   3.7669904559429558E-005   0.0000000000000000     
   2.1820732599198477E-007   3.7672733833345071E-005   0.0000000000000000     
   2.0431937055729732E-007   3.7675385912612170E-005   0.0000000000000000     
   1.9087244046429550E-007   3.7677866322880172E-005   0.0000000000000000     
   1.7786865722221837E-007   3.7680180616887954E-005   0.0000000000000000     
   1.6531007242741628E-007   3.7682334373587767E-005   0.0000000000000000     
   1.5319866743947302E-007   3.7684333197264911E-005   0.0000000000000000     
   1.4153635306841497E-007   3.7686182716653444E-005   0.0000000000000000     
   1.3032496927305649E-007   3.7687888584047949E-005   0.0000000000000000     
   1.1956628487052943E-007   3.7689456474411687E-005   0.0000000000000000     
   1.0926199725704270E-007   3.7690892084481047E-005   0.0000000000000000     
   9.9413732139916211E-008   3.7692201131866659E-005   0.0000000000000000     
   9.0023043280931284E-008   3.7693389354151154E-005   0.0000000000000000     
   8.1091412251038576E-008   3.7694462507983784E-005   0.0000000000000000     
   7.2620248196461918E-008   3.7695426368172035E-005   0.0000000000000000     
   6.4610887616235430E-008   3.7696286726770344E-005   0.0000000000000000     
   5.7064594151208925E-008   3.7697049392166127E-005   0.0000000000000000     
   4.9982558384555012E-008   3.7697720188163197E-005   0.0000000000000000     
   4.3365897653809561E-008   3.7698304953062765E-005   0.0000000000000000     
   3.7215655874475213E-008   3.7698809538742150E-005   0.0000000000000000     
   3.1532803375215884E-008   3.7699239809731324E-005   0.0000000000000000     
   2.6318236744668304E-008   3.7699601642287483E-005   0.0000000000000000     
   2.1572778689894885E-008   3.7699900923467738E-005   0.0000000000000000     
   1.7297177906500311E-008   3.7700143550200144E-005   0.0000000000000000     
   1.3492108960432399E-008   3.7700335428353111E-005   0.0000000000000000     
   1.0158172181485940E-008   3.7700482471803430E-005   0.0000000000000000     
   7.2958935685263795E-009   3.7700590601503069E-005   0.0000000000000000     
   4.9057247064483453E-009   3.7700665744544773E-005   0.0000000000000000     
   2.9880426948821616E-009   3.7700713833226783E-005   0.0000000000000000     
   1.5431500886596253E-009   3.7700740804116647E-005   0.0000000000000000     
   5.7127485004848615E-010   3.7700752597114418E-005   0.0000000000000000     
   7.2570312763175872E-011   3.7700755154515310E-005   0.0000000000000000     
